1562563850 0 0 0 0 0 0 0 0 0 0 1
1562648375 1 0 0 0 0 0 0 0 0 0 1
1562652591 1 0 0 0 1 0 0 0 0 0 1
1562658520 2 0 0 0 1 0 0 0 0 0 1
1562658560 2 0 0 0 2 0 0 0 0 0 1
1562658623 2 0 0 1 2 0 0 0 0 0 1
1562658627 2 0 0 2 2 0 0 0 0 0 1
1562725567 3 0 0 2 2 0 0 0 0 0 1
1562726692 4 0 0 2 2 0 0 0 0 0 1
1562863047 5 0 0 2 2 0 0 0 0 0 1
1562863243 6 0 0 2 2 0 0 0 0 0 1
1562904439 6 0 0 2 3 0 0 0 0 0 1
1562904518 7 0 0 2 3 0 0 0 0 0 1
1562905411 8 0 0 2 3 0 0 0 0 0 1
1562905712 8 0 0 2 4 0 0 0 0 0 1
1562911043 9 0 0 2 4 0 0 0 0 0 1
1562913107 10 0 1 2 4 0 0 0 0 0 1
1562914264 10 1 1 2 4 0 0 0 0 0 1
1562914714 10 2 1 2 4 0 0 0 0 0 1
1562915011 10 3 2 2 4 0 0 0 0 0 1
1562915526 11 3 2 2 4 0 0 0 0 0 1
1562917996 12 3 2 2 4 0 0 0 0 0 1
1562922540 12 4 2 2 4 0 0 0 0 0 1
1562922548 12 5 2 2 4 0 0 0 0 0 1
1562924293 12 5 3 2 4 0 0 0 0 0 1
1562926516 12 6 3 2 4 0 0 0 0 0 1
1562926568 12 7 3 2 4 0 0 0 0 0 1
1562926629 12 7 3 2 4 0 1 0 0 0 1
1562926634 12 7 3 2 4 0 2 0 0 0 1
1562926687 12 7 3 2 4 0 3 0 0 0 1
1562926690 12 7 3 2 4 0 4 0 0 0 1
1563006129 12 8 3 2 4 0 4 0 0 0 1
1563006162 12 9 3 2 4 0 4 0 0 0 1
1563006221 12 9 3 2 4 0 5 0 0 0 1
1563149027 13 9 3 2 4 0 5 0 0 0 1
1563149871 14 9 3 2 4 0 5 0 0 0 1
1563159242 14 10 3 2 4 0 5 0 0 0 1
1563159292 14 10 3 2 4 0 6 0 0 0 1
1563159308 14 10 3 2 4 0 7 0 0 0 1
1563161825 14 11 3 2 4 0 7 0 0 0 1
1563161840 14 12 3 2 4 0 7 0 0 0 1
1563161885 14 12 3 2 4 0 8 0 0 0 1
1563161888 14 12 3 2 4 0 9 0 0 0 1
1563161963 14 13 3 2 4 0 9 0 0 0 1
1563161986 14 14 3 2 4 0 9 0 0 0 1
1563162049 14 14 3 2 4 0 10 0 0 0 1
1563162057 14 14 3 2 4 0 11 0 0 0 1
1563162491 14 15 3 2 4 0 11 0 0 0 1
1563162498 14 16 3 2 4 0 11 0 0 0 1
1563162539 14 16 3 2 4 0 12 0 0 0 1
1563162542 14 16 3 2 4 0 13 0 0 0 1
1563171940 15 16 3 2 4 0 13 0 0 0 1
1563172319 15 17 3 2 4 0 13 0 0 0 1
1563172407 15 17 3 2 4 0 14 0 0 0 1
1563174002 15 18 3 2 4 0 14 0 0 0 1
1563175811 15 18 4 2 4 0 14 0 0 0 1
1563178453 15 19 4 2 4 0 14 0 0 0 1
1563178480 15 19 4 2 4 0 15 0 0 0 1
1563182524 15 20 4 2 4 0 15 0 0 0 1
1563185912 15 21 4 2 4 0 15 0 0 0 1
1563186648 15 21 5 2 4 0 15 0 0 0 1
1563186790 15 22 5 2 4 0 15 0 0 0 1
1563243207 15 23 5 2 4 0 15 0 0 0 1
1563244167 15 24 5 2 4 0 15 0 0 0 1
1563244775 15 25 5 2 4 0 15 0 0 0 1
1563258520 15 25 6 2 4 0 15 0 0 0 1
1563265379 15 25 7 2 4 0 15 0 0 0 1
1563329984 15 25 7 2 5 0 15 0 0 0 1
1563331195 15 25 7 2 6 0 15 0 0 0 1
1563334457 16 25 7 2 6 0 15 0 0 0 1
1563335159 17 25 7 2 6 0 15 0 0 0 1
1563344497 17 25 7 2 7 0 15 0 0 0 1
1563345314 17 25 7 2 8 0 15 0 0 0 1
1563348222 17 26 7 2 8 0 15 0 0 0 1
1563351665 17 26 7 2 9 0 15 0 0 0 1
1563351672 17 26 7 2 10 0 15 0 0 0 1
1563351695 17 26 7 3 10 0 15 0 0 0 1
1563351700 17 26 7 4 10 0 15 0 0 0 1
1563353662 17 26 7 4 11 0 15 0 0 0 1
1563355145 17 26 7 4 12 0 15 0 0 0 1
1563355591 17 26 7 4 13 0 15 0 0 0 1
1563358756 17 26 8 4 13 0 15 0 0 0 1
1563418628 18 26 8 4 13 0 15 0 0 0 1
1563419052 18 27 8 4 13 0 15 0 0 0 1
1563420083 18 27 8 4 14 0 15 0 0 0 1
1563420089 18 27 8 4 15 0 15 0 0 0 1
1563420108 18 27 8 5 15 0 15 0 0 0 1
1563420113 18 27 8 6 15 0 15 0 0 0 1
1563421873 19 27 8 6 15 0 15 0 0 0 1
1563440457 19 27 9 6 15 0 15 0 0 0 1
1563528750 20 27 9 6 15 0 15 0 0 0 1
1563528931 20 27 9 6 16 0 15 0 0 0 1
1563531084 20 27 9 6 17 0 15 0 0 0 1
1563531832 20 28 9 6 17 0 15 0 0 0 1
1563532088 20 29 9 6 17 0 15 0 0 0 1
1563532553 21 29 9 6 17 0 15 0 0 0 1
1563533016 22 29 9 6 18 0 15 0 0 0 1
1563540113 23 29 9 6 18 0 15 0 0 0 1
1563540397 24 29 9 6 18 0 15 0 0 0 1
1563541387 25 29 9 6 18 0 15 0 0 0 1
1563647532 26 29 9 6 18 0 15 0 0 0 1
1563648748 27 29 9 6 18 0 15 0 0 0 1
1563763398 27 29 9 6 19 0 15 0 0 0 1
1563763991 28 29 9 6 19 0 15 0 0 0 1
1563769758 29 29 9 6 19 0 15 0 0 0 1
1563784075 29 29 9 6 20 0 15 0 0 0 1
1563847894 29 29 10 6 20 0 15 0 0 0 1
1563848759 29 30 10 6 20 0 15 0 0 0 1
1563849126 29 31 10 6 20 0 15 0 0 0 1
1563855956 29 32 10 6 20 0 15 0 0 0 1
1563858601 30 32 10 6 20 0 15 0 0 0 1
1563859042 30 33 10 6 20 0 15 0 0 0 1
1563861423 30 33 11 6 20 0 15 0 0 0 1
1563872009 30 34 11 6 20 0 15 0 0 0 1
1563875201 30 35 11 6 20 0 15 0 0 0 1
1564023548 30 35 12 6 20 0 15 0 0 0 1
1564040896 30 35 13 6 20 0 15 0 0 0 1
1564040922 30 35 14 6 20 0 15 0 0 0 1
1564113278 31 35 14 6 20 0 15 0 0 0 1
1564114349 32 35 14 6 20 0 15 0 0 0 1
1564136528 32 35 14 6 21 0 15 0 0 0 1
1564366740 33 35 14 6 21 0 15 0 0 0 1
1564369168 33 35 14 6 22 0 15 0 0 0 1
1564370101 33 35 14 6 23 0 15 0 0 0 1
1564391120 33 36 14 6 23 0 15 0 0 0 1
1564392634 33 37 14 6 23 0 15 0 0 0 1
1564456248 33 38 14 6 23 0 15 0 0 0 1
1564460329 33 38 14 6 24 0 15 0 0 0 1
1564469290 33 39 14 6 24 0 15 0 0 0 1
1564471292 33 39 14 6 25 0 15 0 0 0 1
1564475349 33 39 15 6 25 0 15 0 0 0 1
1564480469 33 40 15 6 25 0 15 0 0 0 1
1564483185 33 40 15 6 26 0 15 0 0 0 1
1564483998 33 40 15 6 26 1 15 0 0 0 1
1564484030 33 40 15 6 26 2 15 0 0 0 1
1564484073 33 40 15 6 26 2 15 0 0 1 1
1564484077 33 40 15 6 26 2 15 0 0 2 1
1564485560 34 40 15 6 26 2 15 0 0 2 1
1564543839 35 40 15 6 26 2 15 0 0 2 1
1564544320 36 40 15 6 26 2 15 0 0 2 1
1564554238 36 40 15 6 27 2 15 0 0 2 1
1564555262 36 41 15 6 27 2 15 0 0 2 1
1564558413 36 42 15 6 27 2 15 0 0 2 1
1564560906 36 42 15 6 28 2 15 0 0 2 1
1564564500 36 42 15 6 28 3 15 0 0 2 1
1564566623 36 42 15 6 29 3 15 0 0 2 1
1564570344 36 43 15 6 29 3 15 0 0 2 1
1564571349 36 43 15 6 29 4 15 0 0 2 1
1564571649 36 44 15 6 29 4 15 0 0 2 1
1564571660 36 44 15 6 29 4 16 0 0 2 1
1564571751 36 44 15 6 29 5 16 0 0 2 1
1564571788 36 44 15 6 29 5 16 0 0 3 1
1564573699 37 44 15 6 29 5 16 0 0 3 1
1564626483 37 44 15 6 30 5 16 0 0 3 1
1564626490 38 44 15 6 30 5 16 0 0 3 1
1564626515 38 44 15 6 30 5 16 1 0 3 1
1564627169 39 44 15 6 30 5 16 1 0 3 1
1564627641 39 45 15 6 30 5 16 1 0 3 1
1564631000 39 46 15 6 30 5 16 1 0 3 1
1564631288 40 46 15 6 30 5 16 1 0 3 1
1564632538 41 46 15 6 30 5 16 1 0 3 1
1564633089 41 46 15 6 31 5 16 1 0 3 1
1564633097 41 46 15 6 32 5 16 1 0 3 1
1564633114 41 46 15 7 32 5 16 1 0 3 1
1564633119 41 46 15 8 32 5 16 1 0 3 1
1564633178 41 47 15 8 32 5 16 1 0 3 1
1564633192 41 47 15 8 32 5 17 1 0 3 1
1564633402 41 47 15 8 33 5 17 1 0 3 1
1564633410 41 47 15 8 34 5 17 1 0 3 1
1564633426 41 47 15 9 34 5 17 1 0 3 1
1564633431 41 47 15 10 34 5 17 1 0 3 1
1564635877 42 47 15 10 34 5 17 1 0 3 1
1564636159 43 47 15 10 34 5 17 1 0 3 1
1564636255 44 47 15 10 34 5 17 1 0 3 1
1564636320 45 47 15 10 34 5 17 1 0 3 1
1564637158 46 47 15 10 34 5 17 1 0 3 1
1564638424 46 47 15 10 34 6 17 1 0 3 1
1564639395 46 48 15 10 34 6 17 1 0 3 1
1564639416 46 48 15 10 34 6 18 1 0 3 1
1564639618 46 49 15 10 34 6 18 1 0 3 1
1564639637 46 49 15 10 34 6 19 1 0 3 1
1564639950 47 49 15 10 34 6 19 1 0 3 1
1564640052 47 50 15 10 34 6 19 1 0 3 1
1564640064 47 50 15 10 34 6 20 1 0 3 1
1564641935 47 51 15 10 34 6 20 1 0 3 1
1564645322 48 51 15 10 34 7 20 1 0 3 1
1564645647 49 51 15 10 34 7 20 1 0 3 1
1564649629 49 51 15 10 34 8 20 1 0 3 1
1564652104 49 51 15 10 35 8 20 1 0 3 1
1564652114 49 51 15 10 36 8 20 1 0 3 1
1564652133 49 51 15 11 36 8 20 1 0 3 1
1564652143 49 51 15 12 36 8 20 1 0 3 1
1564653463 49 52 15 12 36 8 20 1 0 3 1
1564653779 49 53 15 12 36 8 20 1 0 3 1
1564653970 49 53 15 12 36 9 20 1 0 3 1
1564654178 50 53 15 12 37 9 20 1 0 3 1
1564654686 51 53 15 12 37 9 20 1 0 3 1
1564656909 51 53 15 12 37 10 20 1 0 3 1
1564657080 51 54 15 12 37 10 20 1 0 3 1
1564677349 52 54 15 12 37 10 20 1 0 3 1
1564677844 53 54 15 12 37 10 20 1 0 3 1
1564712383 53 54 15 12 38 10 20 1 0 3 1
1564713653 53 54 15 12 39 10 20 1 0 3 1
1564713698 53 54 15 12 39 11 20 1 0 3 1
1564713709 53 54 15 12 39 12 20 1 0 3 1
1564713734 53 54 15 12 39 12 20 1 0 4 1
1564713737 54 54 15 12 39 12 20 1 0 5 1
1564715618 55 54 15 12 39 12 20 1 0 5 1
1564715809 55 55 15 12 39 12 20 1 0 5 1
1564716715 56 55 15 12 39 12 20 1 0 5 1
1564716781 57 55 15 12 39 12 20 1 0 5 1
1564717225 57 55 15 12 40 12 20 1 0 5 1
1564717234 57 55 15 12 41 12 20 1 0 5 1
1564717257 57 56 15 12 41 12 20 1 0 5 1
1564717258 57 56 15 13 41 12 20 1 0 5 1
1564717263 57 56 15 14 41 12 20 1 0 5 1
1564717295 57 56 15 14 41 12 21 1 0 5 1
1564717456 57 56 15 14 42 12 21 1 0 5 1
1564717554 58 56 15 14 42 12 21 1 0 5 1
1564720135 58 56 15 14 42 13 21 1 0 5 1
1564720221 59 56 15 14 42 13 21 1 0 5 1
1564720483 60 56 15 14 42 13 21 1 0 5 1
1564721729 61 56 15 14 42 13 21 1 0 5 1
1564732687 62 56 15 14 42 13 21 1 0 5 1
1564738147 62 56 15 14 43 13 21 1 0 5 1
1564738250 62 56 15 14 44 13 21 1 0 5 1
1564738482 63 56 15 14 44 13 21 1 0 5 1
1564740489 63 56 15 14 45 13 21 1 0 5 1
1564740497 63 56 15 14 46 13 21 1 0 5 1
1564740508 63 56 15 15 46 13 21 1 0 5 1
1564740513 63 57 15 16 46 13 21 1 0 5 1
1564741458 63 58 15 16 46 13 21 1 0 5 1
1564744044 63 58 15 16 47 13 21 1 0 5 1
1564745361 64 58 15 16 47 13 21 1 0 5 1
1564745404 64 58 15 16 47 13 21 2 0 5 1
1564751126 65 58 15 16 47 13 21 2 0 5 1
1564759281 66 58 15 16 47 13 21 2 0 5 1
1564759678 67 58 15 16 47 13 21 2 0 5 1
1564759875 68 58 15 16 47 13 21 2 0 5 1
1564760325 69 58 15 16 47 13 21 2 0 5 1
1564761051 70 58 15 16 47 13 21 2 0 5 1
1564763460 71 58 15 16 47 13 21 2 0 5 1
1564765768 72 58 15 16 47 13 21 2 0 5 1
1564925143 73 58 15 16 47 13 21 2 0 5 1
1564925218 74 58 15 16 47 13 21 2 0 5 1
1564932205 75 58 15 16 47 13 21 2 0 5 1
1564973277 76 58 15 16 47 13 21 2 0 5 1
1564974713 76 59 15 16 47 13 21 2 0 5 1
1564976327 76 59 15 16 47 14 21 2 0 5 1
1564976905 76 59 15 16 48 14 21 2 0 5 1
1564977019 76 59 15 16 49 14 21 2 0 5 1
1564979431 76 59 15 16 50 14 21 2 0 5 1
1564980366 77 59 15 16 50 14 21 2 0 5 1
1564986265 77 60 15 16 50 14 21 2 0 5 1
1564989636 77 60 15 16 51 14 21 2 0 5 1
1564989912 78 60 15 16 51 14 21 2 0 5 1
1564991411 79 60 15 16 51 14 21 2 0 5 1
1564993817 79 60 15 16 52 14 21 2 0 5 1
1564993826 79 60 15 16 53 14 21 2 0 5 1
1564993854 79 60 15 17 53 14 21 2 0 5 1
1564993856 79 60 15 18 53 14 21 2 0 5 1
1564994136 79 60 15 18 53 15 21 2 0 5 1
1564995705 80 60 15 18 53 15 21 2 0 5 1
1564995886 81 60 15 18 53 15 21 2 0 5 1
1564996167 81 60 15 18 53 16 21 2 0 5 1
1564996321 82 60 15 18 53 16 21 2 0 5 1
1565000412 83 60 15 18 53 16 21 2 0 5 1
1565001331 83 60 15 18 54 16 21 2 0 5 1
1565001336 83 60 15 18 55 16 21 2 0 5 1
1565001349 83 60 15 19 55 16 21 2 0 5 1
1565001353 83 60 15 20 55 16 21 2 0 5 1
1565002231 83 60 15 20 56 16 21 2 0 5 1
1565003377 83 61 15 20 56 16 21 2 0 5 1
1565056963 83 61 15 20 57 16 21 2 0 5 1
1565057546 83 62 15 20 57 16 21 2 0 5 1
1565058821 83 63 15 20 57 16 21 2 0 5 1
1565060192 83 64 15 20 57 16 21 2 0 5 1
1565060647 83 64 16 20 57 16 21 2 0 5 1
1565062009 83 65 16 20 57 16 21 2 0 5 1
1565062029 83 65 16 20 57 16 22 2 0 5 1
1565062498 83 66 16 20 57 16 22 2 0 5 1
1565064615 83 66 16 20 58 16 22 2 0 5 1
1565064621 83 66 16 20 59 16 22 2 0 5 1
1565064636 83 66 16 21 59 16 22 2 0 5 1
1565064640 83 66 16 22 59 16 22 2 0 5 1
1565065741 83 66 16 22 59 17 22 2 0 5 1
1565065862 83 66 16 22 59 18 22 2 0 5 1
1565065885 83 66 16 22 60 18 22 2 0 5 1
1565065890 83 66 16 22 61 18 22 2 0 5 1
1565065914 83 66 16 23 61 18 22 2 0 5 1
1565065919 83 66 16 24 61 18 22 2 0 5 1
1565068360 84 66 16 24 61 18 22 2 0 5 1
1565068713 85 66 16 24 61 18 22 2 0 5 1
1565071619 85 66 16 24 61 19 22 2 0 5 1
1565072056 85 67 16 24 61 19 22 2 0 5 1
1565072771 85 68 16 24 61 19 22 2 0 5 1
1565072930 85 69 16 24 61 19 22 2 0 5 1
1565073397 85 70 16 24 61 19 22 2 0 5 1
1565074769 85 71 16 24 61 19 22 2 0 5 1
1565074832 85 71 16 24 62 19 22 2 0 5 1
1565075182 86 71 16 24 62 19 22 2 0 5 1
1565075877 87 71 16 24 62 19 22 2 0 5 1
1565076422 88 71 16 24 62 19 22 2 0 5 1
1565076468 88 72 16 24 62 19 22 2 0 5 1
1565076497 88 72 16 24 62 19 23 2 0 5 1
1565076753 88 73 16 24 62 19 23 2 0 5 1
1565079908 88 74 16 24 62 19 23 2 0 5 1
1565082335 88 74 17 24 62 19 23 2 0 5 1
1565082508 89 74 17 24 62 19 23 2 0 5 1
1565082977 90 74 17 24 62 19 23 2 0 5 1
1565085514 90 75 17 24 62 19 23 2 0 5 1
1565087024 91 75 17 24 62 19 23 2 0 5 1
1565088541 92 75 17 24 62 19 23 2 0 5 1
1565101344 93 75 17 24 62 19 23 2 0 5 1
1565102089 94 75 17 24 62 19 23 2 0 5 1
1565108400 95 75 17 24 62 19 23 2 0 5 1
1565144697 95 76 17 24 62 19 23 2 0 5 1
1565145012 96 76 17 24 62 19 23 2 0 5 1
1565145223 96 76 18 24 62 19 23 2 0 5 1
1565146554 97 76 18 24 62 19 23 2 0 5 1
1565149213 97 76 18 24 63 19 23 2 0 5 1
1565157241 97 77 18 24 63 19 23 2 0 5 1
1565158279 97 77 18 24 63 20 23 2 0 5 1
1565158674 98 77 18 24 63 20 23 2 0 5 1
1565159159 98 77 18 24 63 21 23 2 0 5 1
1565160888 99 77 18 24 63 21 23 2 0 5 1
1565161178 100 77 18 24 63 21 23 2 0 5 1
1565161323 101 77 18 24 63 21 23 2 0 5 1
1565161794 102 77 18 24 63 21 23 2 0 5 1
1565163611 102 77 18 24 64 21 23 2 0 5 1
1565165050 102 77 18 24 65 21 23 2 0 5 1
1565166396 102 78 18 24 65 21 23 2 0 5 1
1565166578 103 78 18 24 65 21 24 2 0 5 1
1565168010 104 78 18 24 65 21 24 2 0 5 1
1565168289 104 79 18 24 65 21 24 2 0 5 1
1565168316 104 79 18 24 65 21 25 2 0 5 1
1565168475 104 79 18 24 65 22 25 2 0 5 1
1565168699 104 79 19 24 65 22 25 2 0 5 1
1565169500 104 79 19 24 66 22 25 2 0 5 1
1565169506 104 79 19 24 67 22 25 2 0 5 1
1565169522 104 79 19 25 67 22 25 2 0 5 1
1565169527 104 79 19 26 67 22 25 2 0 5 1
1565169728 104 80 19 26 67 22 25 2 0 5 1
1565170440 104 80 19 26 68 22 25 2 0 5 1
1565170748 104 81 19 26 68 22 25 2 0 5 1
1565171077 104 81 20 26 68 22 25 2 0 5 1
1565171736 104 82 20 26 68 22 25 2 0 5 1
1565172674 104 82 20 26 68 23 25 2 0 5 1
1565172734 104 83 20 26 68 23 25 2 0 5 1
1565172755 104 83 20 26 68 23 26 2 0 5 1
1565173322 106 83 20 26 68 24 26 2 0 5 1
1565174815 107 83 20 26 68 24 26 2 0 5 1
1565197097 107 84 20 26 68 24 26 2 0 5 1
1565199584 107 85 20 26 68 24 26 2 0 5 1
1565201012 107 86 20 26 68 24 26 2 0 5 1
1565201108 107 87 20 26 68 24 26 2 0 5 1
1565201166 107 88 20 26 68 24 26 2 0 5 1
1565233069 107 89 20 26 68 24 26 2 0 5 1
1565236068 107 89 20 26 69 24 26 2 0 5 1
1565237326 107 90 20 26 69 24 26 2 0 5 1
1565243569 107 91 20 26 69 24 26 2 0 5 1
1565247534 107 92 20 26 69 24 26 2 0 5 1
1565247813 108 92 20 26 69 24 26 2 0 5 1
1565248935 108 92 21 26 69 24 26 2 0 5 1
1565249440 108 93 21 26 69 24 26 2 0 5 1
1565249471 108 93 21 26 69 24 27 2 0 5 1
1565252677 108 93 21 26 70 24 27 2 0 5 1
1565253643 108 94 21 26 70 24 27 2 0 5 1
1565254690 108 94 21 26 71 24 27 2 0 5 1
1565254694 108 94 21 26 72 24 27 2 0 5 1
1565254708 108 94 21 27 72 24 27 2 0 5 1
1565254714 108 94 21 28 72 24 27 2 0 5 1
1565255115 109 95 21 28 72 24 27 2 0 5 1
1565256577 110 95 21 28 72 24 27 2 0 5 1
1565257022 111 95 21 28 72 24 27 2 0 5 1
1565257368 112 95 21 28 72 24 27 2 0 5 1
1565257436 112 96 21 28 72 24 27 2 0 5 1
1565257897 112 97 21 28 72 24 27 2 0 5 1
1565258250 112 98 21 28 72 24 27 2 0 5 1
1565258542 113 98 21 28 72 24 27 2 0 5 1
1565258851 114 98 21 28 72 24 27 2 0 5 1
1565259639 114 98 21 28 73 24 27 2 0 5 1
1565259649 114 98 21 28 74 24 27 2 0 5 1
1565259669 114 98 21 29 74 24 27 2 0 5 1
1565259673 114 98 21 30 74 24 27 2 0 5 1
1565260802 114 99 21 30 74 24 27 2 0 5 1
1565261368 115 99 21 30 74 24 27 2 0 5 1
1565319186 115 100 21 30 74 24 27 2 0 5 1
1565319193 116 100 21 30 74 24 27 2 0 5 1
1565319434 117 100 21 30 74 24 27 2 0 5 1
1565319466 117 100 21 30 75 24 27 2 0 5 1
1565319486 117 100 21 31 75 24 27 2 0 5 1
1565319487 117 100 21 31 75 24 27 3 0 5 1
1565319565 118 100 21 31 75 24 27 3 0 5 1
1565321353 118 101 21 31 75 24 27 3 0 5 1
1565321543 118 101 21 31 75 25 27 3 0 5 1
1565321924 119 101 21 31 75 25 27 3 0 5 1
1565321981 120 101 21 31 75 25 27 3 0 5 1
1565322655 121 101 21 31 75 25 27 3 0 5 1
1565323061 122 101 21 31 75 25 27 3 0 5 1
1565323656 123 101 21 31 75 25 27 3 0 5 1
1565327808 124 101 21 31 75 25 27 3 0 5 1
1565333746 125 101 21 31 75 25 27 3 0 5 1
1565333768 125 101 21 31 76 25 27 3 0 5 1
1565333803 125 101 21 31 76 25 27 4 0 5 1
1565334156 126 101 21 31 76 25 27 4 0 5 1
1565335449 126 101 21 31 77 25 27 4 0 5 1
1565335454 126 101 21 31 78 25 27 4 0 5 1
1565335470 126 101 21 32 78 25 27 4 0 5 1
1565335476 126 101 21 33 78 25 27 4 0 5 1
1565336311 126 101 21 33 79 25 27 4 0 5 1
1565336327 126 101 21 33 80 25 27 4 0 5 1
1565336339 126 101 21 34 80 25 27 4 0 5 1
1565336342 126 101 21 35 80 25 27 4 0 5 1
1565336471 126 102 21 35 80 25 27 4 0 5 1
1565338548 127 102 21 35 80 25 27 4 0 5 1
1565339525 127 103 21 35 80 25 27 4 0 5 1
1565340228 127 104 21 35 80 25 27 4 0 5 1
1565341783 128 104 21 35 80 25 27 4 0 5 1
1565342846 129 104 21 35 80 25 27 4 0 5 1
1565345440 129 105 21 35 80 25 27 4 0 5 1
1565419467 130 105 21 35 80 25 27 4 0 5 1
1565421891 131 105 21 35 80 25 27 4 0 5 1
1565425783 132 105 21 35 80 25 27 4 0 5 1
1565449485 132 106 21 35 80 25 27 4 0 5 1
1565451375 132 107 21 35 80 25 27 4 0 5 1
1565454671 132 108 21 35 80 25 27 4 0 5 1
1565577470 133 108 21 35 80 25 27 4 0 5 1
1565577532 134 108 21 35 80 25 27 4 0 5 1
1565577878 134 109 21 35 80 25 27 4 0 5 1
1565578008 134 109 21 35 81 25 27 4 0 5 1
1565578015 134 109 21 35 82 25 27 4 0 5 1
1565578032 134 109 21 36 82 25 27 4 0 5 1
1565578035 134 109 21 37 82 25 27 4 0 5 1
1565578494 135 109 21 37 82 25 27 4 0 5 1
1565579118 136 109 21 37 82 25 27 4 0 5 1
1565579751 136 110 21 37 82 25 27 4 0 5 1
1565580254 136 110 21 37 83 25 27 4 0 5 1
1565581799 137 110 21 37 83 25 27 4 0 5 1
1565581832 138 110 21 37 83 25 27 4 0 5 1
1565594599 138 110 21 37 83 26 27 4 0 5 1
1565594720 139 110 21 37 83 26 27 4 0 5 1
1565595673 140 110 21 37 83 26 27 4 0 5 1
1565615717 141 110 21 37 83 26 27 4 0 5 1
1565618662 142 110 21 37 83 26 27 4 0 5 1
1565627667 143 110 21 37 83 26 27 4 0 5 1
1565663229 144 110 21 37 83 26 27 4 0 5 1
1565665866 145 110 21 37 83 26 27 4 0 5 1
1565666791 146 110 21 37 83 26 27 4 0 5 1
1565668292 147 110 21 37 83 26 27 4 0 5 1
1565672794 148 110 21 37 83 26 27 4 0 5 1
1565682177 149 110 21 37 83 26 27 4 0 5 1
1565721917 150 110 21 37 83 26 27 4 0 5 1
1565763670 151 110 21 37 83 26 27 4 0 5 1
1565763827 152 110 21 37 83 26 27 4 0 5 1
1565765116 153 110 21 37 83 26 27 4 0 5 1
1565767388 153 110 21 37 84 26 27 4 0 5 1
1565767541 154 110 21 37 84 26 27 4 0 5 1
1565768508 155 110 21 37 84 26 27 4 0 5 1
1565768733 156 110 21 37 84 26 27 4 0 5 1
1565768976 156 111 21 37 84 26 27 4 0 5 1
1565769175 156 112 21 37 84 26 27 4 0 5 1
1565792741 157 112 21 37 84 26 27 4 0 5 1
1565797489 158 112 21 37 84 26 27 4 0 5 1
1565797587 159 112 21 37 84 26 27 4 0 5 1
1565798240 160 112 21 37 84 26 27 4 0 5 1
1565852039 160 112 21 37 85 26 27 4 0 5 1
1565852080 160 112 21 38 85 26 27 4 0 5 1
1565852270 160 112 21 38 86 26 27 4 0 5 1
1565854874 160 112 21 38 87 26 27 4 0 5 1
1565855263 161 112 21 38 87 26 27 4 0 5 1
1565856533 161 112 21 38 88 26 27 4 0 5 1
1565856540 161 112 21 38 89 26 27 4 0 5 1
1565856559 161 112 21 39 89 26 27 4 0 5 1
1565856569 161 112 21 40 89 26 27 4 0 5 1
1565860138 162 112 21 40 89 26 27 4 0 5 1
1565860900 163 112 21 40 89 26 27 4 0 5 1
1565860944 164 112 21 40 89 26 27 4 0 5 1
1565864436 164 112 22 40 89 26 27 4 0 5 1
1565877511 165 112 22 40 89 26 27 4 0 5 1
1565884370 166 112 22 40 89 26 27 4 0 5 1
1565890926 171 114 23 40 89 26 27 4 0 5 1
1565891433 172 114 23 40 89 26 27 4 0 5 1
1565921399 172 114 23 40 90 26 27 4 0 5 1
1565921907 172 114 23 40 91 26 27 4 0 5 1
1565923735 173 114 23 40 91 26 27 4 0 5 1
1565924125 174 114 23 40 91 26 27 4 0 5 1
1565924330 175 115 23 40 91 26 27 4 0 5 1
1565925162 175 116 23 40 91 26 27 4 0 5 1
1565925665 175 117 23 40 91 26 27 4 0 5 1
1565925765 176 117 23 40 91 26 27 4 0 5 1
1565926985 176 117 23 40 91 27 27 4 0 5 1
1565927802 178 117 23 40 91 28 27 4 0 5 1
1565928061 179 117 23 40 91 28 27 4 0 5 1
1565928193 179 117 23 40 92 28 27 4 0 5 1
1565928341 180 117 23 40 92 28 27 4 0 5 1
1565928684 181 117 25 40 92 28 27 4 0 5 1
1565929101 181 117 25 40 93 28 27 4 0 5 1
1565929110 181 117 25 40 94 28 27 4 0 5 1
1565929193 181 117 25 41 94 28 27 4 0 5 1
1565929197 181 117 25 42 94 28 27 4 0 5 1
1565929225 181 117 25 42 94 29 27 4 0 5 1
1565932761 182 118 25 42 94 29 27 4 0 5 1
1565934014 182 119 25 42 94 29 27 4 0 5 1
1565934048 183 119 25 42 94 29 27 4 0 5 1
1565934200 183 119 25 42 94 30 27 4 0 5 1
1565934482 183 119 25 42 94 31 27 4 0 5 1
1565934551 184 119 25 42 94 31 27 4 0 5 1
1565935125 185 119 25 42 94 31 27 4 0 5 1
1565935172 185 119 25 42 94 32 27 4 0 5 1
1565935466 185 120 25 42 94 32 27 4 0 5 1
1565936160 186 120 25 42 94 32 27 4 0 5 1
1565936595 187 120 25 42 94 32 27 4 0 5 1
1565936802 188 120 25 42 94 32 27 4 0 5 1
1565937577 188 121 25 42 94 32 27 4 0 5 1
1565937951 188 122 25 42 94 32 27 4 0 5 1
1565938122 188 122 25 42 95 32 27 4 0 5 1
1565938258 188 122 25 42 96 32 27 4 0 5 1
1565938312 189 122 25 42 96 32 27 4 0 5 1
1565938485 189 123 25 42 96 32 27 4 0 5 1
1565939219 189 123 26 42 96 32 27 4 0 5 1
1565944404 189 123 26 42 96 33 27 4 0 5 1
1565945380 189 123 26 42 96 34 27 4 0 5 1
1565945814 190 123 26 42 96 34 27 4 0 5 1
1565946712 191 123 26 42 96 34 27 4 0 5 1
1565947465 192 123 26 42 96 34 27 4 0 5 1
1565948921 192 123 26 42 96 35 27 4 0 5 1
1565953204 192 123 26 42 96 36 27 4 0 5 1
1566005621 193 123 26 42 96 36 27 4 0 5 1
1566008683 194 123 26 42 96 36 27 4 0 5 1
1566010438 195 123 26 42 96 36 27 4 0 5 1
1566010921 196 123 26 42 96 36 27 4 0 5 1
1566011783 197 123 26 42 96 36 27 4 0 5 1
1566012043 198 123 26 42 96 36 27 4 0 5 1
1566012389 199 123 26 42 96 36 27 4 0 5 1
1566014283 200 123 26 42 96 36 27 4 0 5 1
1566015035 201 123 26 42 96 36 27 4 0 5 1
1566015510 202 123 26 42 96 36 27 4 0 5 1
1566019461 203 123 26 42 96 36 27 4 0 5 1
1566049819 204 123 26 42 96 36 27 4 0 5 1
1566051062 205 123 26 42 96 36 27 4 0 5 1
1566053259 206 123 26 42 96 36 27 4 0 5 1
1566057849 207 123 26 42 96 36 27 4 0 5 1
1566061621 208 123 26 42 96 36 27 4 0 5 1
1566065843 209 123 26 42 96 36 27 4 0 5 1
1566069423 210 123 26 42 96 36 27 4 0 5 1
1566120155 210 124 26 42 96 36 27 4 0 5 1
1566141465 211 124 26 42 96 36 27 4 0 5 1
1566149252 212 124 26 42 96 36 27 4 0 5 1
1566149415 213 124 26 42 96 36 27 4 0 5 1
1566153283 214 124 26 42 96 36 27 4 0 5 1
1566182539 214 124 26 42 96 37 27 4 0 5 1
1566183752 214 124 26 42 96 38 27 4 0 5 1
1566184136 214 125 26 42 96 38 27 4 0 5 1
1566185958 214 125 26 42 96 39 27 4 0 5 1
1566185970 214 125 26 42 96 39 27 4 0 6 1
1566186835 214 125 26 42 96 40 27 4 0 6 1
1566187583 214 125 26 42 96 41 27 4 0 6 1
1566188239 215 125 26 42 96 42 27 4 0 6 1
1566189354 216 125 26 42 96 42 27 4 0 6 1
1566194149 216 126 26 42 96 42 27 4 0 6 1
1566197247 216 127 26 42 96 42 27 4 0 6 1
1566197858 216 128 26 42 96 42 27 4 0 6 1
1566200256 217 128 27 42 96 42 27 4 0 6 1
1566201338 217 128 28 42 96 42 27 4 0 6 1
1566201827 218 128 28 42 96 42 27 4 0 6 1
1566202798 218 128 29 42 96 42 27 4 0 6 1
1566203022 219 128 29 42 96 42 27 4 0 6 1
1566203033 219 128 29 42 96 43 27 4 0 6 1
1566203052 219 128 29 42 96 43 27 5 0 6 1
1566203497 219 129 29 42 96 43 27 5 0 6 1
1566204107 220 129 29 42 96 43 27 5 0 6 1
1566206276 221 129 29 42 96 43 27 5 0 6 1
1566208535 222 129 29 42 96 43 27 5 0 6 1
1566210270 222 130 29 42 96 43 27 5 0 6 1
1566210542 222 130 30 42 96 43 27 5 0 6 1
1566210697 223 130 30 42 96 43 27 5 0 6 1
1566210840 223 130 31 42 96 43 27 5 0 6 1
1566212273 224 130 31 42 96 43 27 5 0 6 1
1566212753 224 130 32 42 96 43 27 5 0 6 1
1566220798 225 130 32 42 96 43 27 5 0 6 1
1566221962 226 130 32 42 96 43 27 5 0 6 1
1566223438 227 130 32 42 96 43 27 5 0 6 1
1566223865 228 130 32 42 96 43 27 5 0 6 1
1566225437 229 130 32 42 96 43 27 5 0 6 1
1566227282 230 130 32 42 96 43 27 5 0 6 1
1566231048 231 130 32 42 96 43 27 5 0 6 1
1566232453 232 130 32 42 96 43 27 5 0 6 1
1566268041 232 130 33 42 96 43 27 5 0 6 1
1566268393 233 130 33 42 96 43 27 5 0 6 1
1566268449 233 130 33 42 96 44 27 5 0 6 1
1566270176 233 130 33 42 96 45 27 5 0 6 1
1566270757 233 131 33 42 96 45 27 5 0 6 1
1566271121 234 131 33 42 96 45 27 5 0 6 1
1566271619 234 132 33 42 96 45 27 5 0 6 1
1566274144 234 132 33 42 96 46 27 5 0 6 1
1566275165 234 132 34 42 96 46 27 5 0 6 1
1566278901 235 132 34 42 96 46 27 5 0 6 1
1566280170 235 133 34 42 96 46 27 5 0 6 1
1566280841 236 133 34 42 96 46 27 5 0 6 1
1566280942 237 133 34 42 96 46 27 5 0 6 1
1566282709 238 133 34 42 96 46 27 5 0 6 1
1566282791 239 133 34 42 96 46 27 5 0 6 1
1566283664 239 133 34 42 96 47 27 5 0 6 1
1566284104 239 133 34 42 96 48 27 5 0 6 1
1566285849 239 133 35 42 96 48 27 5 0 6 1
1566285929 239 134 35 42 96 48 27 5 0 6 1
1566286105 239 135 35 42 96 48 27 5 0 6 1
1566289137 240 135 35 42 96 48 27 5 0 6 1
1566289251 241 135 35 42 96 48 27 5 0 6 1
1566289303 242 135 35 42 96 48 27 5 0 6 1
1566289517 243 135 35 42 96 48 27 5 0 6 1
1566290699 244 135 35 42 96 48 27 5 0 6 1
1566292977 244 135 36 42 96 48 27 5 0 6 1
1566293348 244 136 36 42 96 48 27 5 0 6 1
1566293393 244 136 36 42 96 48 28 5 0 6 1
1566297447 245 137 36 42 96 48 28 5 0 6 1
1566305432 246 137 36 42 96 48 28 5 0 6 1
1566318112 247 137 36 42 96 48 28 5 0 6 1
1566354302 247 138 36 42 96 48 28 5 0 6 1
1566355290 248 138 36 42 96 49 28 5 0 6 1
1566356405 249 138 36 42 96 49 28 5 0 6 1
1566356612 250 138 36 42 96 49 28 5 0 6 1
1566358652 250 138 37 42 96 49 28 5 0 6 1
1566359825 250 138 38 42 96 49 28 5 0 6 1
1566360525 250 139 38 42 96 49 28 5 0 6 1
1566360559 251 139 38 42 96 49 29 5 0 6 1
1566360960 252 139 38 42 96 49 29 5 0 6 1
1566361644 252 139 38 42 96 50 29 5 0 6 1
1566365014 252 139 38 42 96 50 29 6 0 6 1
1566365523 253 139 38 42 96 50 29 6 0 6 1
1566370527 253 140 38 42 96 51 29 6 0 6 1
1566371478 253 141 38 42 96 51 29 6 0 6 1
1566371506 253 141 38 42 96 51 30 6 0 6 1
1566371509 253 141 38 42 96 51 31 6 0 6 1
1566371633 253 142 38 42 96 51 31 6 0 6 1
1566371643 253 142 38 42 96 51 32 6 0 6 1
1566371868 254 142 38 42 96 51 32 6 0 6 1
1566373692 255 142 38 42 96 51 32 6 0 6 1
1566373827 256 142 38 42 96 51 32 6 0 6 1
1566374348 256 143 38 42 96 51 32 6 0 6 1
1566375161 256 143 38 42 96 52 32 6 0 6 1
1566375606 256 144 38 42 96 52 32 6 0 6 1
1566375966 256 145 38 42 96 52 32 6 0 6 1
1566376081 257 145 38 42 96 52 32 6 0 6 1
1566376240 257 146 38 42 96 52 32 6 0 6 1
1566376255 258 146 38 42 96 52 32 6 0 6 1
1566376346 259 146 38 42 96 52 32 6 0 6 1
1566376855 259 147 38 42 96 52 32 6 0 6 1
1566379529 260 147 38 42 96 52 32 6 0 6 1
1566382728 260 147 38 42 96 53 32 6 0 6 1
1566382737 260 147 38 42 96 54 32 6 0 6 1
1566382754 260 147 38 42 96 54 32 6 0 7 1
1566382760 263 149 38 42 96 54 32 6 0 8 1
1566391446 264 149 38 42 96 54 32 6 0 8 1
1566391500 264 149 39 42 96 54 32 6 0 8 1
1566391796 265 149 39 42 96 54 32 6 0 8 1
1566399696 266 149 39 42 96 54 32 6 0 8 1
1566402832 267 149 39 42 96 54 32 6 0 8 1
1566406990 268 149 39 42 96 54 32 6 0 8 1
1566407054 269 149 39 42 96 54 32 6 0 8 1
1566439627 270 149 39 42 96 54 32 6 0 8 1
1566440206 270 150 39 42 96 54 32 6 0 8 1
1566441126 271 150 39 42 96 54 32 6 0 8 1
1566441291 272 150 39 42 96 54 32 6 0 8 1
1566444270 272 150 40 42 96 54 32 6 0 8 1
1566444739 272 151 40 42 96 54 32 6 0 8 1
1566445410 273 151 40 42 96 54 32 6 0 8 1
1566446337 273 151 41 42 96 54 32 6 0 8 1
1566453413 274 151 41 42 96 54 32 6 0 8 1
1566454692 275 151 41 42 96 54 32 6 0 8 1
1566455198 276 152 41 42 96 54 32 6 0 8 1
1566455246 276 153 41 42 96 54 32 6 0 8 1
1566456047 276 153 41 42 96 55 32 6 0 8 1
1566456447 277 153 41 42 96 55 32 6 0 8 1
1566457982 278 153 41 42 96 55 32 6 0 8 1
1566459311 278 153 41 42 96 56 32 6 0 8 1
1566459328 279 153 41 42 96 56 32 6 0 8 1
1566459565 279 153 42 42 96 56 32 6 0 8 1
1566460173 280 153 42 42 96 56 32 6 0 8 1
1566460898 280 153 42 42 96 57 32 6 0 8 1
1566461356 280 154 42 42 96 57 32 6 0 8 1
1566461635 280 154 42 42 96 58 32 6 0 8 1
1566461676 280 154 43 42 96 58 32 6 0 8 1
1566461926 280 154 43 42 96 59 32 6 0 8 1
1566461935 280 154 43 42 96 60 32 6 0 8 1
1566462006 280 154 43 42 96 60 32 6 0 9 1
1566462011 280 154 43 42 96 60 32 6 0 10 1
1566462892 281 154 43 42 96 60 32 6 0 10 1
1566463679 282 154 43 42 96 60 32 6 0 10 1
1566464195 283 154 43 42 96 60 32 6 0 10 1
1566464269 284 154 43 42 96 60 32 6 0 10 1
1566464426 284 154 43 42 96 61 32 6 0 10 1
1566464440 284 155 43 42 96 61 32 6 0 10 1
1566464674 288 157 46 42 96 64 32 6 0 10 1
1566464691 289 157 46 42 96 64 32 6 0 10 1
1566465227 289 157 47 42 96 64 32 6 0 10 1
1566465897 289 157 48 42 96 64 32 6 0 10 1
1566466930 290 157 48 42 96 64 32 6 0 10 1
1566468502 290 157 49 42 96 64 32 6 0 10 1
1566468614 290 158 49 42 96 64 32 6 0 10 1
1566468745 290 158 50 42 96 64 32 6 0 10 1
1566469717 290 159 50 42 96 64 32 6 0 10 1
1566470115 290 159 51 42 96 64 32 6 0 10 1
1566472575 290 159 51 42 96 65 32 6 0 10 1
1566475666 290 159 51 42 96 66 32 6 0 10 1
1566476320 291 159 51 42 96 66 32 6 0 10 1
1566486847 292 159 51 42 96 66 32 6 0 10 1
1566488590 293 159 51 42 96 66 32 6 0 10 1
1566488966 294 159 51 42 96 66 32 6 0 10 1
1566491402 295 159 51 42 96 66 32 6 0 10 1
1566491522 296 159 51 42 96 66 32 6 0 10 1
1566492582 297 159 51 42 96 66 32 6 0 10 1
1566494499 298 159 51 42 96 66 32 6 0 10 1
1566497049 299 159 51 42 96 66 32 6 0 10 1
1566497497 300 159 51 42 96 66 32 6 0 10 1
1566497546 301 159 51 42 96 66 32 6 0 10 1
1566498037 302 159 51 42 96 66 32 6 0 10 1
1566498090 303 159 51 42 96 66 32 6 0 10 1
1566526155 304 159 51 42 96 66 32 6 0 10 1
1566528215 304 159 51 42 97 66 32 6 0 10 1
1566528704 305 159 51 42 97 66 32 6 0 10 1
1566528981 305 159 52 42 97 66 32 6 0 10 1
1566529815 305 159 52 42 98 66 32 6 0 10 1
1566529820 305 159 52 42 99 66 32 6 0 10 1
1566529832 305 159 52 43 99 66 32 6 0 10 1
1566529835 305 159 52 44 99 66 32 6 0 10 1
1566531070 305 159 52 44 100 66 32 6 0 10 1
1566533307 305 159 52 44 101 66 32 6 0 10 1
1566533959 306 159 52 44 102 66 32 6 0 10 1
1566535053 307 159 52 44 102 66 32 6 0 10 1
1566538202 307 160 52 44 102 66 32 6 0 10 1
1566538229 307 160 52 44 102 67 32 6 0 10 1
1566538252 307 160 52 44 102 67 33 6 0 10 1
1566538776 308 160 52 44 102 67 33 6 0 10 1
1566540572 309 160 52 44 102 67 33 6 0 10 1
1566540698 309 161 52 44 102 67 33 6 0 10 1
1566541398 309 161 52 44 103 67 33 6 0 10 1
1566541404 309 161 52 44 104 67 33 6 0 10 1
1566541417 309 161 52 45 104 67 33 6 0 10 1
1566541421 309 161 52 46 104 67 33 6 0 10 1
1566542232 309 161 52 46 105 67 33 6 0 10 1
1566543502 309 161 52 46 105 68 33 6 0 10 1
1566543829 309 161 52 46 105 69 33 6 0 10 1
1566543986 309 161 52 46 105 70 33 6 0 10 1
1566543989 310 161 52 46 105 70 33 6 0 10 1
1566544079 311 161 52 46 105 70 33 6 0 10 1
1566545426 311 161 53 46 105 70 33 6 0 10 1
1566554203 311 161 53 46 106 70 33 6 0 10 1
1566554213 311 161 53 46 107 70 33 6 0 10 1
1566554228 311 161 53 47 107 70 33 6 0 10 1
1566554235 312 161 53 48 107 70 33 6 0 10 1
1566555490 313 161 53 48 107 70 33 6 0 10 1
1566555922 313 161 53 48 107 70 33 7 0 10 1
1566555930 313 161 53 48 107 70 33 8 0 10 1
1566557473 314 161 54 48 107 70 33 8 0 10 1
1566567594 315 161 54 48 107 70 33 8 0 10 1
1566568977 316 161 54 48 107 70 33 8 0 10 1
1566573991 317 161 54 48 107 70 33 8 0 10 1
1566574312 318 161 54 48 107 70 33 8 0 10 1
1566574583 319 161 54 48 107 70 33 8 0 10 1
1566576041 320 161 54 48 107 70 33 8 0 10 1
1566576469 321 161 54 48 107 70 33 8 0 10 1
1566620946 322 161 54 48 107 70 33 8 0 10 1
1566623606 323 161 54 48 107 70 33 8 0 10 1
1566623770 324 161 54 48 107 70 33 8 0 10 1
1566623862 325 161 54 48 107 70 33 8 0 10 1
1566627897 326 161 54 48 107 70 33 8 0 10 1
1566634342 327 161 54 48 107 70 33 8 0 10 1
1566634393 328 161 54 48 107 70 33 8 0 10 1
1566635076 329 161 54 48 107 70 33 8 0 10 1
1566635118 330 161 54 48 107 70 33 8 0 10 1
1566654928 331 161 54 48 107 70 33 8 0 10 1
1566657854 332 161 54 48 107 70 33 8 0 10 1
1566657964 333 161 54 48 107 70 33 8 0 10 1
1566661726 334 161 54 48 107 70 33 8 0 10 1
1566662010 335 161 54 48 107 70 33 8 0 10 1
1566663483 336 161 54 48 107 70 33 8 0 10 1
1566677030 337 161 54 48 107 70 33 8 0 10 1
1566677091 338 161 54 48 107 70 33 8 0 10 1
1566677121 339 161 54 48 107 70 33 8 0 10 1
1566677172 340 161 54 48 107 70 33 8 0 10 1
1566677205 341 161 54 48 107 70 33 8 0 10 1
1566678985 342 161 54 48 107 70 33 8 0 10 1
1566708270 342 161 54 48 107 71 33 8 0 10 1
1566724253 343 161 54 48 107 71 33 8 0 10 1
1566724402 344 161 54 48 107 71 33 8 0 10 1
1566738459 345 161 54 48 107 71 33 8 0 10 1
1566739889 346 161 54 48 107 71 33 8 0 10 1
1566785904 347 161 54 48 107 71 33 8 0 10 1
1566788274 348 161 54 48 107 71 33 8 0 10 1
1566790561 349 161 55 48 107 71 33 8 0 10 1
1566790624 350 161 55 48 107 71 33 8 0 10 1
1566790696 351 161 55 48 107 71 33 8 0 10 1
1566790787 351 161 55 48 107 72 33 8 0 10 1
1566793168 352 161 55 48 107 72 33 8 0 10 1
1566793642 353 161 55 48 107 72 33 8 0 10 1
1566796567 353 161 55 48 108 72 33 8 0 10 1
1566796574 353 161 55 48 109 72 33 8 0 10 1
1566796590 353 161 55 49 109 72 33 8 0 10 1
1566796594 353 161 55 50 109 72 33 8 0 10 1
1566799510 354 161 55 50 109 72 33 8 0 10 1
1566800019 354 161 55 50 109 73 33 8 0 10 1
1566801093 355 161 55 50 109 73 33 8 0 10 1
1566803268 355 161 55 50 109 74 33 8 0 10 1
1566806033 355 161 55 50 110 74 33 8 0 10 1
1566806195 355 161 55 50 111 74 33 8 0 10 1
1566808891 355 161 55 50 111 75 33 8 0 10 1
1566808899 355 161 55 50 111 76 33 8 0 10 1
1566808929 355 161 55 50 111 76 33 8 0 11 1
1566808933 355 161 55 50 111 76 33 8 0 12 1
1566810565 356 161 55 50 111 76 33 8 0 12 1
1566810910 356 161 55 50 111 77 33 8 0 12 1
1566813732 356 161 55 50 111 78 33 8 0 12 1
1566813822 357 161 55 50 111 78 33 8 0 12 1
1566814350 357 161 56 50 111 78 33 8 0 12 1
1566814438 358 161 56 50 111 78 33 8 0 12 1
1566814551 359 161 56 50 111 78 33 8 0 12 1
1566816551 360 161 56 50 111 78 33 8 0 12 1
1566817441 361 161 56 50 111 78 33 8 0 12 1
1566820745 362 161 56 50 111 78 33 8 0 12 1
1566826969 363 161 56 50 111 78 33 8 0 12 1
1566871950 363 162 56 50 111 78 33 8 0 12 1
1566872352 363 162 56 50 112 78 33 8 0 12 1
1566874187 363 163 56 50 112 78 33 8 0 12 1
1566874567 364 163 56 50 112 78 33 8 0 12 1
1566875013 364 164 56 50 112 78 33 8 0 12 1
1566878723 364 164 56 50 113 78 33 8 0 12 1
1566878776 366 165 56 50 114 78 33 8 0 12 1
1566879047 366 165 56 50 115 78 33 8 0 12 1
1566879052 366 165 56 50 116 78 33 8 0 12 1
1566879061 366 165 56 51 116 78 33 8 0 12 1
1566879065 366 165 56 52 116 78 33 8 0 12 1
1566879299 367 165 56 52 116 78 33 8 0 12 1
1566880297 367 165 56 52 116 79 33 8 0 12 1
1566884136 369 165 56 52 116 79 33 8 0 12 1
1566889147 369 166 56 52 116 79 33 8 0 12 1
1566889913 369 166 56 52 117 79 33 8 0 12 1
1566889917 369 166 56 52 118 79 33 8 0 12 1
1566889936 369 166 56 53 118 79 33 8 0 12 1
1566889940 369 166 56 54 118 79 33 8 0 12 1
1566890575 369 166 56 54 118 80 33 8 0 12 1
1566892393 369 167 56 54 118 80 33 8 0 12 1
1566893664 370 168 56 54 118 80 33 8 0 12 1
1566895079 371 168 56 54 118 80 33 8 0 12 1
1566897564 371 169 56 54 118 80 33 8 0 12 1
1566897776 372 169 56 54 118 80 33 8 0 12 1
1566897961 373 169 56 54 118 80 33 8 0 12 1
1566898956 374 169 56 54 118 80 33 8 0 12 1
1566899159 374 169 56 54 118 81 33 8 0 12 1
1566899667 375 169 56 54 118 81 33 8 0 12 1
1566900081 376 169 56 54 118 81 33 8 0 12 1
1566900424 377 170 56 54 118 81 33 8 0 12 1
1566900820 377 171 56 54 118 81 33 8 0 12 1
1566901240 377 172 56 54 118 81 33 8 0 12 1
1566901733 377 172 56 54 118 82 33 8 0 12 1
1566901797 377 172 57 54 118 82 33 8 0 12 1
1566903240 377 173 57 54 118 82 33 8 0 12 1
1566903832 377 173 57 54 118 83 33 8 0 12 1
1566904391 378 173 58 54 118 83 33 8 0 12 1
1566904440 379 173 58 54 118 83 33 8 0 12 1
1566905718 380 173 58 54 118 83 33 8 0 12 1
1566908932 381 173 58 54 118 83 33 8 0 12 1
1566910409 382 173 58 54 118 83 33 8 0 12 1
1566910735 383 173 58 54 118 83 33 8 0 12 1
1566911001 384 173 58 54 118 83 33 8 0 12 1
1566913174 385 173 58 54 118 83 33 8 0 12 1
1566913486 386 173 58 54 118 83 33 8 0 12 1
1566916568 387 173 58 54 118 83 33 8 0 12 1
1566917402 388 173 58 54 118 83 33 8 0 12 1
1566920546 389 173 58 54 118 83 33 8 0 12 1
1566920689 390 173 58 54 118 83 33 8 0 12 1
1566920726 391 173 58 54 118 83 33 8 0 12 1
1566923168 392 173 58 54 118 83 33 8 0 12 1
1566924279 393 173 58 54 118 83 33 8 0 12 1
1566925986 394 173 58 54 118 83 33 8 0 12 1
1566957828 395 173 58 54 118 83 33 8 0 12 1
1566957919 396 173 58 54 118 83 33 8 0 12 1
1566958894 397 173 58 54 118 83 33 8 0 12 1
1566958904 397 173 59 54 118 83 33 8 0 12 1
1566958990 397 173 60 54 118 83 33 8 0 12 1
1566959948 398 173 60 54 118 83 33 8 0 12 1
1566961816 398 174 60 54 118 83 33 8 0 12 1
1566962008 398 175 60 54 118 83 33 8 0 12 1
1566962107 398 176 60 54 118 83 33 8 0 12 1
1566963534 398 177 60 54 118 83 33 8 0 12 1
1566963888 398 178 60 54 118 83 33 8 0 12 1
1566964473 398 178 61 54 118 83 33 8 0 12 1
1566964678 399 178 61 54 118 83 33 8 0 12 1
1566965082 400 178 61 54 118 83 33 8 0 12 1
1566965390 400 178 61 54 119 83 33 8 0 12 1
1566965756 401 178 61 54 119 83 33 8 0 12 1
1566966354 402 178 61 54 119 83 33 8 0 12 1
1566968787 402 178 61 54 120 83 33 8 0 12 1
1566968871 403 178 61 54 120 83 33 8 0 12 1
1566970178 404 178 61 54 120 83 33 8 0 12 1
1566972792 404 179 61 54 120 83 33 8 0 12 1
1566973580 404 179 61 54 121 83 33 8 0 12 1
1566973585 404 179 61 54 122 83 33 8 0 12 1
1566973599 404 179 61 55 122 83 33 8 0 12 1
1566973602 404 179 61 56 122 83 33 8 0 12 1
1566974299 404 179 61 56 123 83 33 8 0 12 1
1566974691 404 180 61 56 123 83 33 8 0 12 1
1566977108 404 180 61 56 124 83 33 8 0 12 1
1566977117 404 180 61 56 125 83 33 8 0 12 1
1566977129 404 180 61 57 125 83 33 8 0 12 1
1566977136 404 180 61 58 125 83 33 8 0 12 1
1566977827 404 181 61 58 125 83 33 8 0 12 1
1566978164 405 181 61 58 125 83 33 8 0 12 1
1566978952 406 181 61 58 125 83 33 8 0 12 1
1566979046 406 182 61 58 125 83 33 8 0 12 1
1566979089 406 182 61 58 125 83 33 9 0 12 1
1566979124 407 182 61 58 125 83 33 9 0 12 1
1566980034 407 182 62 58 125 83 33 9 0 12 1
1566980087 408 182 62 58 125 83 33 9 0 12 1
1566980110 409 182 62 58 125 83 33 9 0 12 1
1566980139 410 182 62 58 125 83 33 9 0 12 1
1566980152 410 182 62 58 125 83 33 10 0 12 1
1566980155 410 182 62 58 125 83 33 11 0 12 1
1566982222 410 182 62 58 126 83 33 11 0 12 1
1566982231 410 182 62 58 127 83 33 11 0 12 1
1566982253 410 182 62 59 127 83 33 11 0 12 1
1566982256 410 182 62 60 127 83 33 11 0 12 1
1566983761 411 182 62 60 127 83 33 11 0 12 1
1566986662 412 182 62 60 127 83 33 11 0 12 1
1566986867 413 182 62 60 127 83 33 11 0 12 1
1566987482 413 182 62 60 128 83 33 11 0 12 1
1566988639 414 182 62 60 128 83 33 11 0 12 1
1566988672 415 182 62 60 128 83 33 11 0 12 1
1566989857 415 182 63 60 128 83 33 11 0 12 1
1566989934 415 182 64 60 128 83 33 11 0 12 1
1566991707 416 182 64 60 128 83 33 11 0 12 1
1566991742 417 182 64 60 128 83 33 11 0 12 1
1566995154 417 182 65 60 128 83 33 11 0 12 1
1566995647 418 182 65 60 128 83 33 11 0 12 1
1566996192 419 183 65 60 128 83 33 11 0 12 1
1566996935 419 184 65 60 128 83 33 11 0 12 1
1566998032 419 185 65 60 128 83 33 11 0 12 1
1566998146 420 185 65 60 128 83 33 11 0 12 1
1566998403 420 186 65 60 128 83 33 11 0 12 1
1566998626 420 187 65 60 128 83 33 11 0 12 1
1566998992 421 187 65 60 128 83 33 11 0 12 1
1566999049 422 187 65 60 128 83 33 11 0 12 1
1567002183 423 187 65 60 128 83 33 11 0 12 1
1567002346 424 187 65 60 128 83 33 11 0 12 1
1567044478 424 187 66 60 128 83 33 11 0 12 1
1567046926 424 187 67 60 128 83 33 11 0 12 1
1567048184 424 187 68 60 128 83 33 11 0 12 1
1567048227 425 187 68 60 128 83 33 11 0 12 1
1567048288 425 187 68 60 128 83 33 12 0 12 1
1567049574 425 188 68 60 128 83 33 12 0 12 1
1567049736 426 188 68 60 128 83 33 12 0 12 1
1567051256 426 189 68 60 128 83 33 12 0 12 1
1567051383 426 189 68 60 128 84 33 12 0 12 1
1567052589 427 189 68 60 128 84 33 12 0 12 1
1567052640 428 189 68 60 128 84 33 12 0 12 1
1567052691 428 189 68 60 128 84 33 13 0 12 1
1567059380 428 190 68 60 128 84 33 13 0 12 1
1567059411 428 190 68 60 128 84 34 13 0 12 1
1567060772 428 190 69 60 128 84 34 13 0 12 1
1567060883 429 190 69 60 128 84 34 13 0 12 1
1567061134 429 190 70 60 128 84 34 13 0 12 1
1567061653 429 191 70 60 128 84 34 13 0 12 1
1567061729 429 192 70 60 128 84 34 13 0 12 1
1567062785 429 192 71 60 128 84 34 13 0 12 1
1567062886 429 192 71 60 128 85 34 13 0 12 1
1567062898 429 192 71 60 128 85 34 13 0 13 1
1567063307 430 192 71 60 128 85 34 13 0 13 1
1567063357 430 192 72 60 128 85 34 13 0 13 1
1567063380 431 192 73 60 128 85 34 13 0 13 1
1567067226 432 192 73 60 128 85 34 13 0 13 1
1567067313 433 192 73 60 128 85 34 13 0 13 1
1567067356 434 192 73 60 128 85 34 13 0 13 1
1567068354 435 192 73 60 128 85 34 13 0 13 1
1567068428 436 192 73 60 128 85 34 13 0 13 1
1567070467 436 192 74 60 128 85 34 13 0 13 1
1567070489 437 192 74 60 128 85 34 13 0 13 1
1567071093 437 192 75 60 128 85 34 13 0 13 1
1567071525 437 193 75 60 128 85 34 13 0 13 1
1567075940 438 193 75 60 128 85 34 13 0 13 1
1567076577 439 193 75 60 128 85 34 13 0 13 1
1567132643 440 193 75 60 128 85 34 13 0 13 1
1567133179 440 194 75 60 128 85 34 13 0 13 1
1567136548 441 194 75 60 128 85 34 13 0 13 1
1567139035 442 194 75 60 128 85 34 13 0 13 1
1567142743 443 194 75 60 128 85 34 13 0 13 1
1567144833 443 194 76 60 128 85 34 13 0 13 1
1567145162 444 194 76 60 128 85 34 13 0 13 1
1567146326 444 194 76 60 128 86 34 13 0 13 1
1567146626 445 194 76 60 128 86 34 13 0 13 1
1567151816 445 194 77 60 128 86 34 13 0 13 1
1567154393 445 194 78 60 128 86 34 13 0 13 1
1567154399 446 194 78 60 128 86 34 13 0 13 1
1567154562 447 194 78 60 128 86 34 13 0 13 1
1567157857 448 194 78 60 128 86 34 13 0 13 1
1567158132 449 194 78 60 128 86 34 13 0 13 1
1567158158 450 194 78 60 128 86 34 13 0 13 1
1567159245 451 194 78 60 128 86 34 13 0 13 1
1567159893 452 194 78 60 128 86 34 13 0 13 1
1567161815 453 194 78 60 128 86 34 13 0 13 1
1567162183 454 194 78 60 128 86 34 13 0 13 1
1567162851 455 194 78 60 128 86 34 13 0 13 1
1567163508 456 194 78 60 128 86 34 13 0 13 1
1567165021 457 194 78 60 128 86 34 13 0 13 1
1567165130 458 194 78 60 128 86 34 13 0 13 1
1567166264 459 194 78 60 128 86 34 13 0 13 1
1567167056 460 194 78 60 128 86 34 13 0 13 1
1567171360 461 194 78 60 128 86 34 13 0 13 1
1567182810 462 194 78 60 128 86 34 13 0 13 1
1567184579 463 194 78 60 128 86 34 13 0 13 1
1567184701 464 194 78 60 128 86 34 13 0 13 1
1567186131 465 194 78 60 128 86 34 13 0 13 1
1567187276 466 194 78 60 128 86 34 13 0 13 1
1567738848 466 194 79 60 128 86 34 13 0 13 1
1567763357 466 194 80 60 128 86 34 13 0 13 1
1567763487 466 195 80 60 128 86 34 13 0 13 1
1568102918 466 195 81 60 128 86 34 13 0 13 1
1568112999 467 195 81 60 128 86 34 13 0 13 1
1568114223 468 195 81 60 128 86 34 13 0 13 1
1568172574 469 195 81 60 128 86 34 13 0 13 1
1568260649 469 195 81 60 128 87 34 13 0 13 1
1568272464 469 196 81 60 128 87 34 13 0 13 1
1568533068 470 196 81 60 128 87 34 13 0 13 1
1568590514 471 196 81 60 128 87 34 13 0 13 1
1568592754 472 196 81 60 128 87 34 13 0 13 1
1568606517 472 196 81 60 128 87 34 13 1 13 1
1568614589 472 197 82 60 128 87 34 13 1 13 1
1568615934 472 198 82 60 128 87 34 13 1 13 1
1568616393 472 199 82 60 128 87 34 13 1 13 1
1568619311 472 200 82 60 128 87 34 13 1 13 1
1568620437 472 200 82 60 128 88 34 13 1 13 1
1568621360 472 200 83 60 128 88 34 13 1 13 1
1568622793 472 200 83 60 128 88 34 13 2 13 1
1568623056 472 200 83 60 128 88 34 13 3 13 1
1568624574 472 200 84 60 128 88 34 13 3 13 1
1568628575 472 201 84 60 128 88 34 13 3 13 1
1568628745 472 202 84 60 128 88 34 13 3 13 1
1568629849 472 202 84 60 128 88 34 13 4 13 1
1568629862 472 202 84 60 128 88 34 13 5 13 1
1568629878 472 202 84 61 128 88 34 13 5 13 1
1568629883 472 202 84 62 128 88 34 13 5 13 1
1568629903 472 202 85 62 128 88 34 13 5 13 1
1568632974 472 202 85 62 128 89 34 13 5 13 1
1568647979 473 202 85 62 128 89 34 13 5 13 1
1568687464 474 202 85 62 128 89 34 13 5 13 1
1568690574 474 202 85 62 128 89 34 13 6 13 1
1568691771 474 202 86 62 128 89 34 13 6 13 1
1568692263 474 202 86 62 128 90 34 13 6 13 1
1568692340 474 202 86 62 128 90 34 13 7 13 1
1568692345 474 202 86 62 128 90 34 13 8 13 1
1568692362 474 202 86 63 128 90 34 13 8 13 1
1568692366 474 202 86 64 128 90 34 13 8 13 1
1568693967 474 202 86 64 128 90 34 13 9 13 1
1568697433 475 202 86 64 128 90 34 13 9 13 1
1568700554 475 203 86 64 128 90 34 13 9 13 1
1568700756 475 204 86 64 128 90 34 13 9 13 1
1568702413 475 205 86 64 128 90 34 13 9 13 1
1568705852 475 206 86 64 128 90 34 13 9 13 1
1568706323 475 207 86 64 128 90 34 13 9 13 1
1568707217 475 207 87 64 128 90 34 13 9 13 1
1568708066 475 207 87 64 128 91 34 13 9 13 1
1568708649 475 207 87 64 128 91 34 13 10 13 1
1568708834 475 208 87 64 128 91 34 13 10 13 1
1568708886 476 208 87 64 128 91 34 13 10 13 1
1568708913 476 208 87 64 128 91 34 14 10 13 1
1568709890 476 208 87 64 128 92 34 14 10 13 1
1568716164 476 208 87 64 128 93 34 14 10 13 1
1568716716 476 209 87 64 128 93 34 14 10 13 1
1568717163 476 209 88 64 128 93 34 14 10 13 1
1568734345 477 209 88 64 128 93 34 14 10 13 1
1568744112 478 209 88 64 128 93 34 14 10 13 1
1568771055 479 209 88 64 128 93 34 14 10 13 1
1568772822 480 209 88 64 128 93 34 14 10 13 1
1568773126 481 209 88 64 128 93 34 14 10 13 1
1568773505 481 209 89 64 128 93 34 14 10 13 1
1568773508 481 210 89 64 128 93 34 14 10 13 1
1568773578 481 210 89 64 128 93 35 14 10 13 1
1568774971 481 210 89 64 128 94 35 14 10 13 1
1568777708 481 211 89 64 128 94 35 14 10 13 1
1568778167 481 211 89 64 128 94 35 14 11 13 1
1568778626 481 212 89 64 128 94 35 14 11 13 1
1568786417 481 212 90 64 128 94 35 14 11 13 1
1568788944 481 212 91 64 128 94 35 14 11 13 1
1568789251 482 212 91 64 128 94 35 14 11 13 1
1568794170 482 212 91 64 128 95 35 14 11 13 1
1568795600 482 212 92 64 128 95 35 14 11 13 1
1568797873 482 212 93 64 128 95 35 14 11 13 1
1568801122 482 212 94 64 128 95 35 14 11 13 1
1568801305 482 212 94 64 128 96 35 14 11 13 1
1568803919 482 212 95 64 128 96 35 14 11 13 1
1568804441 482 212 95 64 128 97 35 14 11 13 1
1568824932 483 212 95 64 128 97 35 14 11 13 1
1568830679 484 212 95 64 128 97 35 14 11 13 1
1568834121 485 212 95 64 128 97 35 14 11 13 1
1568858659 486 212 95 64 128 97 35 14 11 13 1
1568861170 487 212 95 64 128 97 35 14 11 13 1
1568861569 488 212 95 64 128 97 35 14 11 13 1
1568862385 489 212 95 64 128 97 35 14 11 13 1
1568863303 490 212 95 64 128 97 35 14 11 13 1
1568863429 490 213 95 64 128 97 35 14 11 13 1
1568864180 490 213 95 64 128 98 35 14 11 13 1
1568881163 491 213 95 64 128 99 35 14 11 13 1
1568881608 492 213 95 64 128 99 35 14 11 13 1
1568881611 492 214 95 64 128 99 35 14 11 13 1
1568881686 492 214 95 64 128 99 36 14 11 13 1
1568881911 492 215 95 64 128 99 36 14 11 13 1
1568882111 492 215 95 64 128 100 36 14 11 13 1
1568882503 493 215 95 64 128 100 36 14 11 13 1
1568883913 493 215 95 64 128 101 36 14 11 13 1
1568888818 493 215 96 64 128 101 36 14 11 13 1
1568946104 493 216 96 64 128 101 36 14 11 13 1
1568946918 493 217 96 64 128 101 36 14 11 13 1
1568947318 493 218 96 64 128 101 36 14 11 13 1
1568947666 493 219 96 64 128 101 36 14 11 13 1
1568948101 493 220 96 64 128 101 36 14 11 13 1
1568949261 493 221 96 64 128 101 36 14 11 13 1
1568950120 493 222 96 64 128 101 36 14 11 13 1
1568955183 494 222 96 64 128 101 36 14 11 13 1
1568955612 494 223 96 64 128 101 36 14 11 13 1
1568957443 495 223 96 64 128 101 36 14 11 13 1
1568963952 496 223 96 64 128 101 36 14 11 13 1
1568965498 497 223 96 64 128 101 36 14 11 13 1
1568970806 497 223 97 64 128 101 36 14 11 13 1
1568970986 498 223 97 64 128 101 36 14 11 13 1
1568972669 498 223 98 64 128 101 36 14 11 13 1
1569005273 499 223 98 64 128 101 36 14 11 13 1
1569207650 500 223 98 64 128 101 36 14 11 13 1
1569225045 501 223 98 64 128 101 36 14 11 13 1
1569298527 502 223 98 64 128 101 36 14 11 13 1
1569307857 502 223 99 64 128 101 36 14 11 13 1
1569307972 502 223 100 64 128 101 36 14 11 13 1
1569309153 502 223 101 64 128 101 36 14 11 13 1
1569309248 502 223 102 64 128 101 36 14 11 13 1
1569310277 502 223 103 64 128 101 36 14 11 13 1
1569310370 502 223 104 64 128 101 36 14 11 13 1
1569311880 502 223 105 64 128 101 36 14 11 13 1
1569311938 502 223 106 64 128 101 36 14 11 13 1
1569313369 502 223 107 64 128 101 36 14 11 13 1
1569313418 502 223 108 64 128 101 36 14 11 13 1
1569315442 502 224 108 64 128 101 36 14 11 13 1
1569315561 502 225 108 64 128 101 36 14 11 13 1
1569315578 502 226 108 64 128 101 36 14 11 13 1
1569315687 502 227 108 64 128 101 36 14 11 13 1
1569316450 502 227 109 64 128 101 36 14 11 13 1
1569317437 502 227 110 64 128 101 36 14 11 13 1
1569317717 503 227 110 64 128 101 36 14 11 13 1
1569317894 504 227 110 64 128 101 36 14 11 13 1
1569319426 504 227 110 64 128 102 36 14 11 13 1
1569382905 505 227 110 64 128 102 36 14 11 13 1
1569383072 505 227 111 64 128 102 36 14 11 13 1
1569383210 505 227 112 64 128 102 36 14 11 13 1
1569383840 505 227 113 64 128 102 36 14 11 13 1
1569383895 505 227 114 64 128 102 36 14 11 13 1
1569384766 505 227 114 64 128 102 36 14 12 13 1
1569384823 505 227 114 64 128 102 36 14 13 13 1
1569388455 505 227 115 64 128 102 36 14 13 13 1
1569388511 505 227 116 64 128 102 36 14 13 13 1
1569390102 505 227 116 64 128 103 36 14 13 13 1
1569390141 505 227 116 64 128 103 36 14 13 14 1
1569392442 505 227 116 64 128 104 36 14 13 14 1
1569393381 506 227 116 64 128 104 36 14 13 14 1
1569394743 506 227 117 64 128 104 36 14 13 14 1
1569394799 506 227 118 64 128 104 36 14 13 14 1
1569399814 506 227 119 64 128 104 36 14 13 14 1
1569400913 506 227 120 64 128 104 36 14 13 14 1
1569403360 507 227 120 64 128 104 36 14 13 14 1
1569403744 508 227 120 64 128 104 36 14 13 14 1
1569406394 508 227 121 64 128 104 36 14 13 14 1
1569406864 508 227 122 64 128 104 36 14 13 14 1
1569407141 508 227 123 64 128 104 36 14 13 14 1
1569407151 509 227 123 64 128 104 36 14 13 14 1
1569407577 510 227 123 64 128 104 36 14 13 14 1
1569407649 510 227 124 64 128 104 36 14 13 14 1
1569407846 511 227 124 64 128 104 36 14 13 14 1
1569407892 511 227 125 64 128 104 36 14 13 14 1
1569408092 511 227 126 64 128 104 36 14 13 14 1
1569409659 512 227 126 64 128 104 36 14 13 14 1
1569409777 513 227 126 64 128 104 36 14 13 14 1
1569410057 514 227 126 64 128 104 36 14 13 14 1
1569410102 515 227 126 64 128 104 36 14 13 14 1
1569411071 516 227 126 64 128 104 36 14 13 14 1
1569411114 517 227 126 64 128 104 36 14 13 14 1
1569414702 518 227 126 64 128 104 36 14 13 14 1
1569414739 519 227 126 64 128 104 36 14 13 14 1
1569430518 520 227 126 64 128 104 36 14 13 14 1
1569430862 521 227 126 64 128 104 36 14 13 14 1
1569433094 522 227 126 64 128 104 36 14 13 14 1
1569433121 523 227 126 64 128 104 36 14 13 14 1
1569461900 524 227 126 64 128 104 36 14 13 14 1
1569462031 525 227 126 64 128 104 36 14 13 14 1
1569463295 526 227 126 64 128 104 36 14 13 14 1
1569467106 526 227 127 64 128 104 36 14 13 14 1
1569467178 526 227 128 64 128 104 36 14 13 14 1
1569483471 526 227 128 64 128 105 36 14 13 14 1
1569483569 526 227 128 64 128 106 36 14 13 14 1
1569485133 526 227 128 64 128 107 36 14 13 14 1
1569485208 526 227 128 64 128 108 36 14 13 14 1
1569485985 526 227 128 64 128 109 36 14 13 14 1
1569486028 526 227 128 64 128 110 36 14 13 14 1
1569489669 527 227 128 64 128 110 36 14 13 14 1
1569490912 527 227 129 64 128 110 36 14 13 14 1
1569491740 527 227 130 64 128 110 36 14 13 14 1
1569492179 527 227 130 64 128 110 36 14 14 14 1
1569492252 527 227 130 64 128 110 36 14 15 14 1
1569492744 527 227 130 64 128 110 36 14 16 14 1
1569492787 527 227 130 64 128 110 36 14 17 14 1
1569552994 527 227 131 64 128 110 36 14 17 14 1
1569553062 527 227 132 64 128 110 36 14 17 14 1
1569557443 527 227 132 64 128 110 36 14 18 14 1
1569557496 527 227 132 64 128 110 36 14 19 14 1
1569557574 527 227 132 64 128 111 36 14 19 14 1
1569557635 527 227 132 64 128 111 36 14 19 15 1
1569557674 527 227 132 64 128 112 36 14 19 15 1
1569566729 527 227 133 64 128 112 36 14 19 15 1
1569566933 527 227 134 64 128 112 36 14 19 15 1
1569726522 527 227 135 64 128 112 36 14 19 15 1
1569726723 527 227 136 64 128 112 36 14 19 15 1
1569739675 527 227 137 64 128 112 36 14 19 15 1
1569739778 527 227 138 64 128 112 36 14 19 15 1
1569744848 527 228 138 64 128 112 36 14 19 15 1
1569813457 527 229 138 64 128 112 36 14 19 15 1
1569813821 527 233 138 64 128 112 36 14 19 15 1
1570514105 527 233 139 64 128 112 36 14 19 15 1
1570514219 527 233 140 64 128 112 36 14 19 15 1
1570523691 527 233 141 64 128 112 36 14 19 15 1
1570523780 527 233 142 64 128 112 36 14 19 15 1
1570587132 528 233 142 64 128 112 36 14 19 15 1
1570587743 528 233 143 64 128 112 36 14 19 15 1
1570587877 528 233 144 64 128 112 36 14 19 15 1
1570589421 529 233 144 64 128 112 36 14 19 15 1
1570589462 529 233 144 64 128 112 36 15 19 15 1
1570598369 530 233 144 64 128 112 36 15 19 15 1
1570600801 531 233 144 64 128 112 36 15 19 15 1
1570600834 531 233 144 64 128 112 36 16 19 15 1
1570602209 531 233 145 64 128 112 36 16 19 15 1
1570602265 531 233 146 64 128 112 36 16 19 15 1
1570604817 532 233 146 64 128 112 36 16 19 15 1
1570605151 533 233 146 64 128 112 36 16 19 15 1
1570605167 533 233 146 64 128 112 36 17 19 15 1
1570677950 533 233 147 64 128 112 36 17 19 15 1
1570678033 533 233 148 64 128 112 36 17 19 15 1
1570680452 533 233 149 64 128 112 36 17 19 15 1
1570680943 533 233 150 64 128 112 36 17 19 15 1
1570681008 533 233 151 64 128 112 36 17 19 15 1
1570691230 533 234 151 64 128 112 36 17 19 15 1
1570691892 533 234 152 64 128 112 36 17 19 15 1
1570692807 533 234 153 64 128 112 36 17 19 15 1
1570764496 534 234 153 64 128 112 36 17 19 15 1
1570765027 535 234 153 64 128 112 36 17 19 15 1
1570767591 536 234 153 64 128 112 36 17 19 15 1
1570772945 537 234 153 64 128 112 36 17 19 15 1
1570773033 538 234 153 64 128 112 36 17 19 15 1
1570774598 538 234 154 64 128 112 36 17 19 15 1
1570774674 538 234 155 64 128 112 36 17 19 15 1
1570779662 538 234 156 64 128 112 36 17 19 15 1
1570779716 538 234 157 64 128 112 36 17 19 15 1
1570783407 538 234 158 64 128 112 36 17 19 15 1
1570783500 538 234 159 64 128 112 36 17 19 15 1
1570793286 539 234 159 64 128 112 36 17 19 15 1
1570793556 540 234 159 64 128 112 36 17 19 15 1
1570798054 541 234 159 64 128 112 36 17 19 15 1
1570798147 542 234 159 64 128 112 36 17 19 15 1
1570798614 543 234 159 64 128 112 36 17 19 15 1
1570798655 544 234 159 64 128 112 36 17 19 15 1
1570799933 545 234 159 64 128 112 36 17 19 15 1
1570800102 546 234 159 64 128 112 36 17 19 15 1
1570801444 547 234 159 64 128 112 36 17 19 15 1
1570801654 548 234 159 64 128 112 36 17 19 15 1
1570802024 549 234 159 64 128 112 36 17 19 15 1
1570802729 550 234 159 64 128 112 36 17 19 15 1
1570802988 551 234 159 64 128 112 36 17 19 15 1
1570804247 557 234 159 64 128 112 36 17 19 15 1
1570804328 558 234 159 64 128 112 36 17 19 15 1
1570804978 559 234 159 64 128 112 36 17 19 15 1
1570805114 560 234 159 64 128 112 36 17 19 15 1
1570806474 561 234 159 64 128 112 36 17 19 15 1
1570807433 561 234 159 64 128 112 36 18 19 15 1
1570807435 561 234 159 64 128 112 36 19 19 15 1
1570807511 562 234 159 64 128 112 36 19 19 15 1
1570807818 563 234 159 64 128 112 36 19 19 15 1
1570847163 563 234 160 64 128 112 36 19 19 15 1
1570847870 564 234 160 64 128 112 36 19 19 15 1
1570848100 564 234 161 64 128 112 36 19 19 15 1
1570878304 565 234 161 64 128 112 36 19 19 15 1
1570878359 566 234 161 64 128 112 36 19 19 15 1
1570883856 567 234 161 64 128 112 36 19 19 15 1
1570883911 568 234 161 64 128 112 36 19 19 15 1
1570884286 569 234 161 64 128 112 36 19 19 15 1
1570884319 570 234 161 64 128 112 36 19 19 15 1
1570890577 571 234 161 64 128 112 36 19 19 15 1
1570890639 572 234 161 64 128 112 36 19 19 15 1
1571019985 573 234 161 64 128 112 36 19 19 15 1
1571050493 574 234 161 64 128 112 36 19 19 15 1
1571050534 575 234 161 64 128 112 36 19 19 15 1
1571197548 576 234 161 64 128 112 36 19 19 15 1
1571198444 577 234 161 64 128 112 36 19 19 15 1
1571211414 577 234 161 65 128 112 36 19 19 15 1
1571220889 578 234 161 65 128 112 36 19 19 15 1
1571222452 579 234 161 65 128 112 36 19 19 15 1
1571276925 580 234 161 65 128 112 36 19 19 15 1
1571277178 581 234 161 65 128 112 36 19 19 15 1
1571277722 582 234 161 65 128 112 36 19 19 15 1
1571281401 582 234 161 66 128 112 36 19 19 15 1
1571282762 583 234 161 66 128 112 36 19 19 15 1
1571285323 584 234 161 66 128 112 36 19 19 15 1
1571288926 585 234 161 66 128 112 36 19 19 15 1
1571293629 585 234 161 67 128 112 36 19 19 15 1
1571293637 585 234 161 68 128 112 36 19 19 15 1
1571293739 585 234 161 69 128 112 36 19 19 15 1
1571293744 585 234 161 70 128 112 36 19 19 15 1
1571294656 585 234 161 71 128 112 36 19 19 15 1
1571303919 585 234 162 71 128 112 36 19 19 15 1
1571304512 585 234 163 71 128 112 36 19 19 15 1
1571306221 585 234 164 71 128 112 36 19 19 15 1
1571308229 585 235 164 71 128 112 36 19 19 15 1
1571369503 585 236 164 71 128 112 36 19 19 15 1
1571374642 585 236 165 71 128 112 36 19 19 15 1
1571379960 585 236 166 71 128 112 36 19 19 15 1
1571385436 585 236 167 71 128 112 36 19 19 15 1
1571387435 587 236 168 71 128 112 36 19 19 15 1
1571388935 587 236 169 71 128 112 36 19 19 15 1
1571389407 587 236 170 71 128 112 36 19 19 15 1
1571389662 587 236 171 71 128 112 36 19 19 15 1
1571390356 587 236 172 71 128 112 36 19 19 15 1
1571391243 587 236 173 71 128 112 36 19 19 15 1
1571391548 587 236 174 71 128 112 36 19 19 15 1
1571623938 587 236 175 71 128 112 36 19 19 15 1
1571624598 587 236 176 71 128 112 36 19 19 15 1
1571625122 587 236 177 71 128 112 36 19 19 15 1
1571626866 588 236 177 71 128 112 36 19 19 15 1
1571627968 588 236 178 71 128 112 36 19 19 15 1
1571630776 588 236 179 71 128 112 36 19 19 15 1
1571631334 588 236 180 71 128 112 36 19 19 15 1
1571643144 588 236 181 71 128 112 36 19 19 15 1
1571646121 588 236 182 71 128 112 36 19 19 15 1
1571649002 588 236 183 71 128 112 36 19 19 15 1
1571649006 588 236 183 72 128 112 36 19 19 15 1
1571649033 588 236 183 73 128 112 36 19 19 15 1
1571649463 588 236 183 74 128 112 36 19 19 15 1
1571649564 589 236 183 75 128 112 36 19 19 15 1
1571651392 590 236 183 75 128 112 36 19 19 15 1
1571653613 591 236 183 75 128 112 36 19 19 15 1
1571711340 591 236 184 75 128 112 36 19 19 15 1
1571712935 592 236 184 75 128 112 36 19 19 15 1
1571714425 592 236 185 75 128 112 36 19 19 15 1
1571715364 592 236 186 75 128 112 36 19 19 15 1
1571729150 592 237 187 75 128 112 36 19 19 15 1
1571729911 592 238 187 75 128 112 36 19 19 15 1
1571737682 592 238 188 75 128 112 36 19 19 15 1
1571738264 592 238 189 75 128 112 36 19 19 15 1
1571739080 592 238 190 75 128 112 36 19 19 15 1
1571739317 594 238 191 75 128 112 36 19 19 15 1
1571741301 595 238 191 76 128 112 36 19 19 15 1
1571741554 595 238 191 76 128 112 36 20 19 15 1
1571741557 595 238 191 76 128 112 36 21 19 15 1
1571741560 595 238 191 76 128 112 36 22 19 15 1
1571741635 596 238 191 76 128 112 36 22 19 15 1
1571796221 597 238 191 76 128 112 36 22 19 15 1
1571796889 597 238 192 76 128 112 36 22 19 15 1
1571797703 597 238 193 76 128 112 36 22 19 15 1
1571798085 597 238 194 76 128 112 36 22 19 15 1
1571800667 598 238 194 76 128 112 36 22 19 15 1
1571801526 598 238 195 76 128 112 36 22 19 15 1
1571803523 598 238 196 76 128 112 36 22 19 15 1
1571803931 598 238 196 77 128 112 36 22 19 15 1
1571804344 598 238 196 78 128 112 36 22 19 15 1
1571805190 599 238 196 78 128 112 36 22 19 15 1
1571815195 599 238 196 79 128 112 36 22 19 15 1
1571815326 600 238 197 79 128 112 36 22 19 15 1
1571815393 601 238 197 79 128 112 36 22 19 15 1
1571816239 602 240 197 79 128 112 36 22 19 15 1
1571816418 602 241 197 79 128 112 36 22 19 15 1
1571817550 602 241 198 79 128 112 36 22 19 15 1
1571818291 602 241 199 79 128 112 36 22 19 15 1
1571819654 602 241 200 79 128 112 36 22 19 15 1
1571820546 602 241 200 80 128 112 36 22 19 15 1
1571820962 602 241 201 80 128 112 36 22 19 15 1
1571823457 602 241 202 80 128 112 36 22 19 15 1
1571823901 602 241 203 80 128 112 36 22 19 15 1
1571826090 602 241 204 80 128 112 36 22 19 15 1
1571888826 603 241 204 80 128 112 36 22 19 15 1
1571889719 603 241 205 80 128 112 36 22 19 15 1
1571891333 604 241 205 80 128 112 36 22 19 15 1
1571894193 605 241 205 80 128 112 36 22 19 15 1
1571897552 605 241 205 81 128 112 36 22 19 15 1
1571901823 605 242 205 81 128 112 36 22 19 15 1
1571902089 605 243 205 81 128 112 36 22 19 15 1
1571902722 606 243 205 81 128 112 36 22 19 15 1
1571905910 606 243 205 82 128 112 36 22 19 15 1
1571905917 606 243 205 83 128 112 36 22 19 15 1
1571905941 606 243 205 84 128 112 36 22 19 15 1
1571905945 606 243 205 85 128 112 36 22 19 15 1
1571910060 607 243 205 85 128 112 36 22 19 15 1
1571912850 608 243 205 85 128 112 36 22 19 15 1
1571913930 608 244 205 85 128 112 36 22 19 15 1
1571969231 608 244 205 86 128 112 36 22 19 15 1
1571971323 608 245 205 86 128 112 36 22 19 15 1
1571974423 608 246 205 86 128 112 36 22 19 15 1
1571975057 608 247 205 86 128 112 36 22 19 15 1
1571976812 608 247 205 87 128 112 36 22 19 15 1
1571987653 608 248 205 87 128 112 36 22 19 15 1
1571996206 609 248 205 87 128 112 36 22 19 15 1
1571997555 610 248 205 87 128 112 36 22 19 15 1
1571997651 610 249 205 87 128 112 36 22 19 15 1
1572072540 610 250 205 87 128 112 36 22 19 15 1
1572082307 610 251 205 87 128 112 36 22 19 15 1
1572082761 610 252 205 87 128 112 36 22 19 15 1
1572082901 610 253 205 87 128 112 36 22 19 15 1
1572083436 610 254 205 87 128 112 36 22 19 15 1
1572234969 611 254 205 87 128 112 36 22 19 15 1
1572239270 612 254 205 87 128 112 36 22 19 15 1
1572244906 613 254 205 87 128 112 36 22 19 15 1
1572259391 614 254 206 87 128 112 36 22 19 15 1
1572261070 615 254 206 87 128 112 36 22 19 15 1
1572315076 615 254 207 87 128 112 36 22 19 15 1
1572331581 616 254 207 87 128 112 36 22 19 15 1
1572331885 617 254 207 87 128 112 36 22 19 15 1
1572332442 618 254 207 87 128 112 36 22 19 15 1
1572332730 618 255 207 87 128 112 36 22 19 15 1
1572340850 619 255 207 87 128 112 36 22 19 15 1
1572340967 620 255 207 87 128 112 36 22 19 15 1
1572345455 620 255 208 87 128 112 36 22 19 15 1
1572429702 621 255 208 87 128 112 36 22 19 15 1
1572432024 622 255 208 87 128 112 36 22 19 15 1
1572432123 623 255 208 87 128 112 36 22 19 15 1
1572488066 624 255 208 87 128 112 36 22 19 15 1
1572491910 625 255 208 87 128 112 36 22 19 15 1
1572493079 626 255 208 87 128 112 36 22 19 15 1
1572493801 627 255 208 87 128 112 36 22 19 15 1
1572494112 628 255 208 87 128 112 36 22 19 15 1
1572494600 628 255 209 87 128 112 36 22 19 15 1
1572497938 629 255 209 87 128 112 36 22 19 15 1
1572499827 630 255 209 87 128 112 36 22 19 15 1
1572500563 631 255 209 87 128 112 36 22 19 15 1
1572502259 632 255 209 87 128 112 36 22 19 15 1
1572504123 633 255 209 87 128 112 36 22 19 15 1
1572504263 634 255 209 87 128 112 36 22 19 15 1
1572504313 634 255 210 87 128 112 36 22 19 15 1
1572505259 635 255 211 87 128 112 36 22 19 15 1
1572509514 636 256 211 87 128 112 36 22 19 15 1
1572511201 636 257 211 87 128 112 36 22 19 15 1
1572515766 637 257 211 87 128 112 36 22 19 15 1
1572516535 638 257 211 87 128 112 36 22 19 15 1
1572574857 639 257 211 87 128 112 36 22 19 15 1
1572576637 640 257 211 87 128 112 36 22 19 15 1
1572589527 641 257 211 87 128 112 36 22 19 15 1
1572834731 642 257 211 87 128 112 36 22 19 15 1
1572835026 643 257 211 87 128 112 36 22 19 15 1
1572836794 644 257 211 87 128 112 36 22 19 15 1
1572838571 645 257 211 87 128 112 36 22 19 15 1
1572839446 646 257 211 87 128 112 36 22 19 15 1
1572850311 646 257 212 87 128 112 36 22 19 15 1
1572852756 646 257 213 87 128 112 36 22 19 15 1
1572926347 647 257 213 87 128 112 36 22 19 15 1
1572926514 648 257 213 87 128 112 36 22 19 15 1
1572927440 649 257 213 87 128 112 36 22 19 15 1
1572927483 650 257 213 87 128 112 36 22 19 15 1
1572928038 650 258 213 87 128 112 36 22 19 15 1
1572934386 651 258 213 87 128 112 36 22 19 15 1
1572936049 651 259 213 87 128 112 36 22 19 15 1
1572937887 652 260 213 87 128 112 36 22 19 15 1
1572940160 653 260 213 87 128 112 36 22 19 15 1
1572942923 654 260 213 87 128 112 36 22 19 15 1
1572951300 655 260 213 87 128 112 36 22 19 15 1
1572951603 656 260 213 87 128 112 36 22 19 15 1
1572953474 657 260 213 87 128 112 36 22 19 15 1
1572953667 658 260 213 87 128 112 36 22 19 15 1
1572954331 659 260 213 87 128 112 36 22 19 15 1
1572956825 660 260 213 87 128 112 36 22 19 15 1
1573006301 661 260 213 87 128 112 36 22 19 15 1
1573007746 661 260 213 88 128 112 36 22 19 15 1
1573008704 662 260 213 88 128 112 36 22 19 15 1
1573010092 662 260 213 89 128 112 36 22 19 15 1
1573011044 662 260 213 90 128 112 36 22 19 15 1
1573011714 663 260 213 90 128 112 36 22 19 15 1
1573012661 664 260 213 90 128 112 36 22 19 15 1
1573018035 665 260 213 90 128 112 36 22 19 15 1
1573018391 666 260 213 90 128 112 36 22 19 15 1
1573021148 667 260 213 90 128 112 36 22 19 15 1
1573028206 667 260 214 90 128 112 36 22 19 15 1
1573028456 667 260 214 91 128 112 36 22 19 15 1
1573029178 667 260 215 91 128 112 36 22 19 15 1
1573030353 668 260 216 91 128 112 36 22 19 15 1
1573030640 669 260 216 91 128 112 36 22 19 15 1
1573030854 669 260 216 92 128 112 36 22 19 15 1
1573035751 670 260 216 92 128 112 36 22 19 15 1
1573108456 670 260 217 92 128 112 36 22 19 15 1
1573115435 670 260 218 92 128 112 36 22 19 15 1
1573116739 671 260 218 92 128 112 36 22 19 15 1
1573118836 671 260 219 92 128 112 36 22 19 15 1
1573118953 672 260 219 92 128 112 36 22 19 15 1
1573122782 673 260 219 92 128 112 36 22 19 15 1
1573122992 674 260 219 92 128 112 36 22 19 15 1
1573135647 675 260 219 92 128 112 36 22 19 15 1
1573139455 676 260 219 92 128 112 36 22 19 15 1
1573181210 677 260 219 92 128 112 36 22 19 15 1
1573198613 677 260 220 92 128 112 36 22 19 15 1
1573200142 677 260 221 92 128 112 36 22 19 15 1
1573201894 677 260 222 92 128 112 36 22 19 15 1
1573203934 677 260 223 92 128 112 36 22 19 15 1
1573437950 678 260 223 92 128 112 36 22 19 15 1
1573451584 679 260 223 92 128 112 36 22 19 15 1
1573456881 707 279 247 101 128 112 36 22 19 15 1
1573457534 708 279 247 101 128 112 36 22 19 15 1
1573458702 708 279 248 101 128 112 36 22 19 15 1
1573458806 708 279 249 101 128 112 36 22 19 15 1
1573460630 708 279 250 101 128 112 36 22 19 15 1
1573460772 708 279 251 101 128 112 36 22 19 15 1
1573461474 709 279 251 101 128 112 36 22 19 15 1
1573463250 710 279 251 101 128 112 36 22 19 15 1
1573467208 710 279 252 101 128 112 36 22 19 15 1
1573469781 710 279 253 101 128 112 36 22 19 15 1
1573470130 711 279 253 101 128 112 36 22 19 15 1
1573470429 712 279 253 101 128 112 36 22 19 15 1
1573471320 713 279 253 101 128 112 36 22 19 15 1
1573473107 714 279 253 101 128 112 36 22 19 15 1
1573473331 715 279 253 101 128 112 36 22 19 15 1
1573525140 716 279 253 101 128 112 36 22 19 15 1
1573525484 717 279 253 101 128 112 36 22 19 15 1
1573526734 718 279 253 101 128 112 36 22 19 15 1
1573528803 719 279 253 101 128 112 36 22 19 15 1
1573529283 724 279 253 101 128 112 36 22 19 15 1
1573529574 725 279 253 101 128 112 36 22 19 15 1
1573530982 725 279 254 101 128 112 36 22 19 15 1
1573531500 725 279 255 101 128 112 36 22 19 15 1
1573533418 726 279 255 101 128 112 36 22 19 15 1
1573533791 727 279 255 101 128 112 36 22 19 15 1
1573534961 727 279 256 101 128 112 36 22 19 15 1
1573538463 727 279 257 101 128 112 36 22 19 15 1
1573538738 727 279 258 101 128 112 36 22 19 15 1
1573540921 728 279 258 101 128 112 36 22 19 15 1
1573541618 729 279 258 101 128 112 36 22 19 15 1
1573542221 730 279 258 101 128 112 36 22 19 15 1
1573542250 731 279 258 101 128 112 36 22 19 15 1
1573542859 732 279 258 101 128 112 36 22 19 15 1
1573543001 733 279 258 101 128 112 36 22 19 15 1
1573543297 734 279 258 101 128 112 36 22 19 15 1
1573544763 740 279 258 101 128 112 36 22 19 15 1
1573545094 741 279 258 101 128 112 36 22 19 15 1
1573546369 741 279 259 101 128 112 36 22 19 15 1
1573548166 742 279 259 101 128 112 36 22 19 15 1
1573550251 743 279 259 101 128 112 36 22 19 15 1
1573551023 743 279 259 102 128 112 36 22 19 15 1
1573551636 744 279 259 102 128 112 36 22 19 15 1
1573551694 745 279 259 102 128 112 36 22 19 15 1
1573555551 746 279 259 102 128 112 36 22 19 15 1
1573555613 746 279 259 103 128 112 36 22 19 15 1
1573555623 746 279 259 104 128 112 36 22 19 15 1
1573556034 747 279 259 104 128 112 36 22 19 15 1
1573557968 747 279 259 104 128 112 36 23 19 15 1
1573558282 748 279 259 104 128 112 36 23 19 15 1
1573562006 749 279 259 104 128 112 36 23 19 15 1
1573562482 750 279 259 104 128 112 36 23 19 15 1
1573612488 750 279 259 105 128 112 36 23 19 15 1
1573612597 750 279 259 106 128 112 36 23 19 15 1
1573615421 750 279 260 106 128 112 36 23 19 15 1
1573615594 750 279 261 106 128 112 36 23 19 15 1
1573616163 750 279 262 106 128 112 36 23 19 15 1
1573616906 750 279 263 106 128 112 36 23 19 15 1
1573616969 751 279 263 106 128 112 36 23 19 15 1
1573617027 751 279 264 106 128 112 36 23 19 15 1
1573625403 754 279 264 106 128 112 36 23 19 15 1
1573631051 754 279 264 107 128 112 36 23 19 15 1
1573631087 754 279 264 108 128 112 36 23 19 15 1
1573631330 754 279 265 108 128 112 36 23 19 15 1
1573631395 754 279 266 108 128 112 36 23 19 15 1
1573631641 755 279 266 108 128 112 36 23 19 15 1
1573632432 755 279 266 109 128 112 36 23 19 15 1
1573632453 755 279 266 110 128 112 36 23 19 15 1
1573632474 755 279 266 111 128 112 36 23 19 15 1
1573632476 755 279 266 112 128 112 36 23 19 15 1
1573632508 755 279 266 113 128 112 36 23 19 15 1
1573632603 756 279 266 113 128 112 36 23 19 15 1
1573633450 757 279 266 113 128 112 36 23 19 15 1
1573633469 757 279 266 114 128 112 36 23 19 15 1
1573633492 757 279 266 115 128 112 36 23 19 15 1
1573633520 757 279 266 116 128 112 36 23 19 15 1
1573633825 758 279 266 116 128 112 36 23 19 15 1
1573633864 758 279 266 116 128 112 36 24 19 15 1
1573633967 759 279 266 116 128 112 36 24 19 15 1
1573634096 760 279 266 116 128 112 36 24 19 15 1
1573634162 761 279 266 116 128 112 36 24 19 15 1
1573634493 761 279 266 117 128 112 36 24 19 15 1
1573634539 761 279 266 118 128 112 36 24 19 15 1
1573634609 762 279 266 118 128 112 36 24 19 15 1
1573634659 763 279 266 118 128 112 36 24 19 15 1
1573634795 763 279 267 118 128 112 36 24 19 15 1
1573634898 763 279 268 118 128 112 36 24 19 15 1
1573635698 764 279 268 118 128 112 36 24 19 15 1
1573635819 764 279 268 119 128 112 36 24 19 15 1
1573635863 764 279 268 120 128 112 36 24 19 15 1
1573637677 765 279 268 120 128 112 36 24 19 15 1
1573641486 765 279 268 121 128 112 36 24 19 15 1
1573641530 766 279 268 122 128 112 36 24 19 15 1
1573641943 767 279 268 122 128 112 36 24 19 15 1
1573648168 768 279 268 122 128 112 36 24 19 15 1
1573651019 769 279 268 122 128 112 36 24 19 15 1
1573652009 770 279 268 122 128 112 36 24 19 15 1
1573652493 771 279 268 122 128 112 36 24 19 15 1
1573652510 771 279 268 122 128 112 36 25 19 15 1
1573698209 771 280 268 122 128 112 36 25 19 15 1
1573699226 771 280 268 123 128 112 36 25 19 15 1
1573699233 771 280 268 124 128 112 36 25 19 15 1
1573699255 771 280 268 125 128 112 36 25 19 15 1
1573699260 771 280 268 126 128 112 36 25 19 15 1
1573700482 771 280 268 127 128 112 36 25 19 15 1
1573701251 771 280 268 128 128 112 36 25 19 15 1
1573701565 772 280 268 129 128 112 36 25 19 15 1
1573710473 773 280 268 129 128 112 36 25 19 15 1
1573710592 774 280 268 129 128 112 36 25 19 15 1
1573714528 774 280 268 130 128 112 36 25 19 15 1
1573714540 774 280 268 131 128 112 36 25 19 15 1
1573714553 774 280 268 132 128 112 36 25 19 15 1
1573714557 774 280 268 133 128 112 36 25 19 15 1
1573716558 775 280 268 133 128 112 36 25 19 15 1
1573717236 775 280 268 134 128 112 36 25 19 15 1
1573717271 775 280 268 135 128 112 36 25 19 15 1
1573718824 776 280 268 135 128 112 36 25 19 15 1
1573718951 777 280 268 135 128 112 36 25 19 15 1
1573719069 778 280 268 135 128 112 36 25 19 15 1
1573720578 779 280 268 135 128 112 36 25 19 15 1
1573720905 780 280 268 135 128 112 36 25 19 15 1
1573720949 780 280 268 135 128 112 36 26 19 15 1
1573723097 781 280 268 135 128 112 36 26 19 15 1
1573723611 782 280 268 135 128 112 36 26 19 15 1
1573723671 783 280 268 135 128 112 36 26 19 15 1
1573724195 784 280 268 135 128 112 36 26 19 15 1
1573725017 784 280 268 135 128 112 36 27 19 15 1
1573725069 785 280 268 135 128 112 36 27 19 15 1
1573725955 785 280 268 136 128 112 36 27 19 15 1
1573725999 785 280 268 137 128 112 36 27 19 15 1
1573727905 785 280 268 138 128 112 36 27 19 15 1
1573727938 785 280 268 139 128 112 36 27 19 15 1
1573728485 786 280 268 139 128 112 36 27 19 15 1
1573728524 787 280 268 139 128 112 36 27 19 15 1
1573728542 787 280 268 139 128 112 36 28 19 15 1
1573729563 787 280 268 140 128 112 36 28 19 15 1
1573729605 787 280 268 141 128 112 36 28 19 15 1
1573730773 787 280 268 142 128 112 36 28 19 15 1
1573730849 788 280 268 143 128 112 36 28 19 15 1
1573730920 789 280 268 143 128 112 36 28 19 15 1
1573730965 790 280 268 143 128 112 36 28 19 15 1
1573730987 790 280 268 143 128 112 36 29 19 15 1
1573787445 790 280 268 144 128 112 36 29 19 15 1
1573787923 790 280 268 145 128 112 36 29 19 15 1
1573788706 791 280 268 145 128 112 36 29 19 15 1
1573788834 792 280 268 145 128 112 36 29 19 15 1
1573788881 792 280 268 145 128 112 36 30 19 15 1
1573799496 792 280 268 146 128 112 36 30 19 15 1
1573799541 792 280 268 147 128 112 36 30 19 15 1
1573801652 793 280 268 147 128 112 36 30 19 15 1
1573802861 794 280 268 147 128 112 36 30 19 15 1
1573808301 795 280 268 147 128 112 36 30 19 15 1
1574043043 796 280 268 147 128 112 36 30 19 15 1
1574057998 796 280 268 148 128 112 36 30 19 15 1
1574061987 796 280 268 149 128 112 36 30 19 15 1
1574066347 796 280 268 150 128 112 36 30 19 15 1
1574072288 797 280 268 150 128 112 36 30 19 15 1
1574132491 798 280 268 150 128 112 36 30 19 15 1
1574136002 799 280 268 150 128 112 36 30 19 15 1
1574147590 800 280 268 150 128 112 36 30 19 15 1
1574148911 801 280 268 150 128 112 36 30 19 15 1
1574150534 802 280 268 150 128 112 36 30 19 15 1
1574151274 803 280 268 150 128 112 36 30 19 15 1
1574152239 804 280 268 150 128 112 36 30 19 15 1
1574154797 805 280 268 150 128 112 36 30 19 15 1
1574156196 806 280 268 150 128 112 36 30 19 15 1
1574159776 806 280 268 151 128 112 36 30 19 15 1
1574162719 807 280 268 151 128 112 36 30 19 15 1
1574171628 808 280 268 151 128 112 36 30 19 15 1
1574173410 809 280 268 151 128 112 36 30 19 15 1
1574173996 810 280 268 151 128 112 36 30 19 15 1
1574178150 811 280 268 151 128 112 36 30 19 15 1
1574179020 811 281 268 151 128 112 36 30 19 15 1
1574182767 812 281 268 151 128 112 36 30 19 15 1
1574215226 813 281 268 151 128 112 36 30 19 15 1
1574231661 814 281 268 151 128 112 36 30 19 15 1
1574233143 815 281 268 151 128 112 36 30 19 15 1
1574238426 816 281 268 151 128 112 36 30 19 15 1
1574239127 817 281 268 151 128 112 36 30 19 15 1
1574239407 818 281 268 151 128 112 36 30 19 15 1
1574239846 819 281 268 151 128 112 36 30 19 15 1
1574240322 820 281 268 151 128 112 36 30 19 15 1
1574240400 821 281 268 151 128 112 36 30 19 15 1
1574248765 822 281 268 151 128 112 36 30 19 15 1
1574260185 823 281 268 151 128 112 36 30 19 15 1
1574265522 824 281 268 151 128 112 36 30 19 15 1
1574269382 825 281 268 151 128 112 36 30 19 15 1
1574270739 826 281 268 151 128 112 36 30 19 15 1
1574272345 827 281 268 151 128 112 36 30 19 15 1
1574273234 828 281 268 151 128 112 36 30 19 15 1
1574273537 829 281 268 151 128 112 36 30 19 15 1
1574321417 830 281 268 151 128 112 36 30 19 15 1
1574328322 831 281 268 151 128 112 36 30 19 15 1
1574328964 832 281 268 151 128 112 36 30 19 15 1
1574329463 833 281 268 151 128 112 36 30 19 15 1
1574335224 834 281 268 151 128 112 36 30 19 15 1
1574344768 835 281 268 151 128 112 36 30 19 15 1
1574347492 836 281 268 151 128 112 36 30 19 15 1
1574349991 837 281 268 151 128 112 36 30 19 15 1
1574388581 838 281 268 151 128 112 36 30 19 15 1
1574405135 839 281 268 151 128 112 36 30 19 15 1
1574412514 839 281 268 152 128 112 36 30 19 15 1
1574415112 839 281 268 153 128 112 36 30 19 15 1
1574416251 839 281 268 154 128 112 36 30 19 15 1
1574652081 840 281 268 154 128 112 36 30 19 15 1
1574664953 840 281 268 155 128 112 36 30 19 15 1
1574669219 841 281 268 155 128 112 36 30 19 15 1
1574673939 841 281 268 156 128 112 36 30 19 15 1
1574675385 841 281 268 157 128 112 36 30 19 15 1
1574679700 842 281 268 157 128 112 36 30 19 15 1
1574680440 842 281 268 157 128 112 36 31 19 15 1
1574737812 842 281 268 158 128 112 36 31 19 15 1
1574740426 842 281 268 159 128 112 36 31 19 15 1
1574765367 842 281 268 160 128 112 36 31 19 15 1
1574826657 842 281 268 161 128 112 36 31 19 15 1
1574843689 842 281 268 162 128 112 36 31 19 15 1
1574910367 842 281 268 163 128 112 36 31 19 15 1
1574912224 842 281 268 164 128 112 36 31 19 15 1
1574926288 842 281 268 165 128 112 36 31 19 15 1
1574936037 842 281 269 165 128 112 36 31 19 15 1
1574936665 842 281 270 165 128 112 36 31 19 15 1
1574995516 843 281 270 165 128 112 36 31 19 15 1
1574997344 844 281 270 165 128 112 36 31 19 15 1
1575253693 845 281 270 165 128 112 36 31 19 15 1
1575256210 846 281 270 165 128 112 36 31 19 15 1
1575257769 847 281 270 165 128 112 36 31 19 15 1
1575259082 848 281 270 165 128 112 36 31 19 15 1
1575259607 849 281 270 165 128 112 36 31 19 15 1
1575269470 849 281 270 166 128 112 36 31 19 15 1
1575271806 850 281 270 166 128 112 36 31 19 15 1
1575340633 850 281 270 167 128 112 36 31 19 15 1
1575356570 850 281 271 167 128 112 36 31 19 15 1
1575356707 850 281 272 167 128 112 36 31 19 15 1
1575362695 850 281 272 168 128 112 36 31 19 15 1
1575429625 851 281 272 168 128 112 36 31 19 15 1
1575450851 851 281 273 168 128 112 36 31 19 15 1
1575974121 851 281 274 168 128 112 36 31 19 15 1
1576032144 851 282 274 168 128 112 36 31 19 15 1
1576041270 852 282 274 168 128 112 36 31 19 15 1
1576044847 853 282 274 168 128 112 36 31 19 15 1
1576047654 853 282 275 168 128 112 36 31 19 15 1
1576047926 853 282 276 168 128 112 36 31 19 15 1
1576053238 853 282 277 168 128 112 36 31 19 15 1
1576053352 853 282 277 169 128 112 36 31 19 15 1
1576053465 854 282 277 170 128 112 36 31 19 15 1
1576056317 854 283 277 170 128 112 36 31 19 15 1
1576059555 854 284 277 170 128 112 36 31 19 15 1
1576060812 855 284 278 170 128 112 36 31 19 15 1
1576072896 856 284 278 170 128 112 36 31 19 15 1
1576118237 857 284 278 170 128 112 36 31 19 15 1
1576118276 858 284 278 170 128 112 36 31 19 15 1
1576135378 859 284 278 170 128 112 36 31 19 15 1
1576137964 860 284 278 170 128 112 36 31 19 15 1
1576141767 860 284 279 170 128 112 36 31 19 15 1
1576144043 861 284 279 170 128 112 36 31 19 15 1
1576203476 861 284 280 170 128 112 36 31 19 15 1
1576207419 862 284 280 170 128 112 36 31 19 15 1
1576208050 863 284 280 170 128 112 36 31 19 15 1
1576208093 863 284 280 171 128 112 36 31 19 15 1
1576208108 863 284 280 172 128 112 36 31 19 15 1
1576208142 863 284 280 173 128 112 36 31 19 15 1
1576208146 863 284 280 174 128 112 36 31 19 15 1
1576208832 864 284 280 174 128 112 36 31 19 15 1
1576208858 865 284 280 174 128 112 36 31 19 15 1
1576209954 866 284 280 174 128 112 36 31 19 15 1
1576219568 867 284 280 174 128 112 36 31 19 15 1
1576219884 868 284 280 174 128 112 36 31 19 15 1
1576220007 869 284 280 174 128 112 36 31 19 15 1
1576227604 870 284 280 174 128 112 36 31 19 15 1
1576231073 870 284 281 174 128 112 36 31 19 15 1
1576233240 871 284 281 174 128 112 36 31 19 15 1
1576233432 872 284 281 174 128 112 36 31 19 15 1
1576463193 873 284 281 174 128 112 36 31 19 15 1
1576465014 873 284 281 175 128 112 36 31 19 15 1
1576467174 873 284 281 176 128 112 36 31 19 15 1
1576470159 874 284 281 176 128 112 36 31 19 15 1
1576470241 875 284 281 176 128 112 36 31 19 15 1
1576472217 876 284 281 176 128 112 36 31 19 15 1
1576475972 877 284 281 176 128 112 36 31 19 15 1
1576479528 878 284 281 176 128 112 36 31 19 15 1
