1562563850 0 0 0 0 0 0 0 0 0 0 0
1562648375 1178 0 0 0 0 0 0 0 0 0 0
1562652591 1178 0 0 0 1 0 0 0 0 0 0
1562658520 1179 0 0 0 1 0 0 0 0 0 0
1562658560 1179 0 0 0 1 0 0 0 0 0 0
1562658623 1179 0 0 0 1 0 0 0 0 0 0
1562658627 1179 0 0 0 1 0 0 0 0 0 0
1562725567 1181 0 0 0 1 0 0 0 0 0 0
1562726692 1181 0 0 0 1 0 0 0 0 0 0
1562863047 9367 0 0 0 1 0 0 0 0 0 0
1562863243 9372 0 0 0 1 0 0 0 0 0 0
1562904439 9372 0 0 0 117 0 0 0 0 0 0
1562904518 9374 0 0 0 117 0 0 0 0 0 0
1562905411 9378 0 0 0 117 0 0 0 0 0 0
1562905712 9378 0 0 0 120 0 0 0 0 0 0
1562911043 9702 0 0 0 120 0 0 0 0 0 0
1562913107 9855 0 43 0 120 0 0 0 0 0 0
1562914264 9855 48 43 0 120 0 0 0 0 0 0
1562914714 9855 495 43 0 120 0 0 0 0 0 0
1562915011 9855 496 100 0 120 0 0 0 0 0 0
1562915526 9855 496 100 0 120 0 0 0 0 0 0
1562917996 9856 496 100 0 120 0 0 0 0 0 0
1562922540 9856 688 100 0 120 0 0 0 0 0 0
1562922548 9856 688 100 0 120 0 0 0 0 0 0
1562924293 9856 688 120 0 120 0 0 0 0 0 0
1562926516 9856 780 120 0 120 0 0 0 0 0 0
1562926568 9856 780 120 0 120 0 0 0 0 0 0
1562926629 9856 780 120 0 120 0 0 0 0 0 0
1562926634 9856 780 120 0 120 0 0 0 0 0 0
1562926687 9856 780 120 0 120 0 0 0 0 0 0
1562926690 9856 780 120 0 120 0 0 0 0 0 0
1563006129 9856 892 120 0 120 0 0 0 0 0 0
1563006162 9856 892 120 0 120 0 0 0 0 0 0
1563006221 9856 892 120 0 120 0 0 0 0 0 0
1563149027 10096 892 120 0 120 0 0 0 0 0 0
1563149871 10099 892 120 0 120 0 0 0 0 0 0
1563159242 10099 892 120 0 120 0 0 0 0 0 0
1563159292 10099 892 120 0 120 0 0 0 0 0 0
1563159308 10099 892 120 0 120 0 0 0 0 0 0
1563161825 10099 901 120 0 120 0 0 0 0 0 0
1563161840 10099 901 120 0 120 0 0 0 0 0 0
1563161885 10099 901 120 0 120 0 0 0 0 0 0
1563161888 10099 901 120 0 120 0 0 0 0 0 0
1563161963 10099 902 120 0 120 0 0 0 0 0 0
1563161986 10099 902 120 0 120 0 0 0 0 0 0
1563162049 10099 902 120 0 120 0 0 0 0 0 0
1563162057 10099 902 120 0 120 0 0 0 0 0 0
1563162491 10099 905 120 0 120 0 0 0 0 0 0
1563162498 10099 905 120 0 120 0 0 0 0 0 0
1563162539 10099 905 120 0 120 0 0 0 0 0 0
1563162542 10099 905 120 0 120 0 0 0 0 0 0
1563171940 10103 905 120 0 120 0 0 0 0 0 0
1563172319 10103 936 120 0 120 0 0 0 0 0 0
1563172407 10103 936 120 0 120 0 0 0 0 0 0
1563174002 10103 938 120 0 120 0 0 0 0 0 0
1563175811 10103 938 340 0 120 0 0 0 0 0 0
1563178453 10103 940 340 0 120 0 0 0 0 0 0
1563178480 10103 940 340 0 120 0 0 0 0 0 0
1563182524 10103 1253 340 0 120 0 0 0 0 0 0
1563185912 10103 1300 340 0 120 0 0 0 0 0 0
1563186648 10103 1300 496 0 120 0 0 0 0 0 0
1563186790 10103 1308 496 0 120 0 0 0 0 0 0
1563243207 10103 1310 496 0 120 0 0 0 0 0 0
1563244167 10103 1317 496 0 120 0 0 0 0 0 0
1563244775 10103 1317 496 0 120 0 0 0 0 0 0
1563258520 10103 1317 510 0 120 0 0 0 0 0 0
1563265379 10103 1317 1377 0 120 0 0 0 0 0 0
1563329984 10103 1317 1377 0 136 0 0 0 0 0 0
1563331195 10103 1317 1377 0 141 0 0 0 0 0 0
1563334457 12296 1317 1377 0 141 0 0 0 0 0 0
1563335159 12666 1317 1377 0 141 0 0 0 0 0 0
1563344497 12666 1317 1377 0 387 0 0 0 0 0 0
1563345314 12666 1317 1377 0 413 0 0 0 0 0 0
1563348222 12666 1317 1377 0 413 0 0 0 0 0 0
1563351665 12666 1317 1377 0 544 0 0 0 0 0 0
1563351672 12666 1317 1377 0 544 0 0 0 0 0 0
1563351695 12666 1317 1377 0 544 0 0 0 0 0 0
1563351700 12666 1317 1377 0 544 0 0 0 0 0 0
1563353662 12666 1317 1377 0 575 0 0 0 0 0 0
1563355145 12666 1317 1377 0 613 0 0 0 0 0 0
1563355591 12666 1317 1377 0 617 0 0 0 0 0 0
1563358756 12666 1317 1563 0 617 0 0 0 0 0 0
1563418628 12667 1317 1563 0 617 0 0 0 0 0 0
1563419052 12667 1321 1563 0 617 0 0 0 0 0 0
1563420083 12667 1321 1563 0 618 0 0 0 0 0 0
1563420089 12667 1321 1563 0 618 0 0 0 0 0 0
1563420108 12667 1321 1563 0 618 0 0 0 0 0 0
1563420113 12667 1321 1563 0 618 0 0 0 0 0 0
1563421873 12668 1321 1563 0 618 0 0 0 0 0 0
1563440457 12668 1321 1581 0 618 0 0 0 0 0 0
1563528750 12792 1321 1581 0 618 0 0 0 0 0 0
1563528931 12792 1321 1581 0 622 0 0 0 0 0 0
1563531084 12792 1321 1581 0 623 0 0 0 0 0 0
1563531832 12792 1323 1581 0 623 0 0 0 0 0 0
1563532088 12792 1881 1581 0 623 0 0 0 0 0 0
1563532553 13137 1881 1581 0 623 0 0 0 0 0 0
1563533016 13276 1881 1581 0 761 0 0 0 0 0 0
1563540113 13277 1881 1581 0 761 0 0 0 0 0 0
1563540397 13277 1881 1581 0 761 0 0 0 0 0 0
1563541387 13373 1881 1581 0 761 0 0 0 0 0 0
1563647532 17288 1881 1581 0 761 0 0 0 0 0 0
1563648748 17335 1881 1581 0 761 0 0 0 0 0 0
1563763398 17335 1881 1581 0 779 0 0 0 0 0 0
1563763991 17344 1881 1581 0 779 0 0 0 0 0 0
1563769758 17350 1881 1581 0 779 0 0 0 0 0 0
1563784075 17350 1881 1581 0 781 0 0 0 0 0 0
1563847894 17350 1881 1593 0 781 0 0 0 0 0 0
1563848759 17350 1882 1593 0 781 0 0 0 0 0 0
1563849126 17350 1884 1593 0 781 0 0 0 0 0 0
1563855956 17350 2016 1593 0 781 0 0 0 0 0 0
1563858601 17357 2016 1593 0 781 0 0 0 0 0 0
1563859042 17357 2017 1593 0 781 0 0 0 0 0 0
1563861423 17357 2017 2278 0 781 0 0 0 0 0 0
1563872009 17357 2026 2278 0 781 0 0 0 0 0 0
1563875201 17357 2032 2278 0 781 0 0 0 0 0 0
1564023548 17357 2032 2321 0 781 0 0 0 0 0 0
1564040896 17357 2032 2351 0 781 0 0 0 0 0 0
1564040922 17357 2032 8438 0 781 0 0 0 0 0 0
1564113278 17365 2032 8438 0 781 0 0 0 0 0 0
1564114349 17366 2032 8438 0 781 0 0 0 0 0 0
1564136528 17366 2032 8438 0 783 0 0 0 0 0 0
1564366740 17376 2032 8438 0 783 0 0 0 0 0 0
1564369168 17376 2032 8438 0 797 0 0 0 0 0 0
1564370101 17376 2032 8438 0 826 0 0 0 0 0 0
1564391120 17376 2050 8438 0 826 0 0 0 0 0 0
1564392634 17376 2063 8438 0 826 0 0 0 0 0 0
1564456248 17376 3758 8438 0 826 0 0 0 0 0 0
1564460329 17376 3758 8438 0 3172 0 0 0 0 0 0
1564469290 17376 3761 8438 0 3172 0 0 0 0 0 0
1564471292 17376 3761 8438 0 3322 0 0 0 0 0 0
1564475349 17376 3761 8485 0 3322 0 0 0 0 0 0
1564480469 17376 5582 8485 0 3322 0 0 0 0 0 0
1564483185 17376 5582 8485 0 3492 0 0 0 0 0 0
1564483998 17376 5582 8485 0 3492 40 0 0 0 0 0
1564484030 17376 5582 8485 0 3492 40 0 0 0 0 0
1564484073 17376 5582 8485 0 3492 40 0 0 0 0 0
1564484077 17376 5582 8485 0 3492 40 0 0 0 0 0
1564485560 17447 5582 8485 0 3492 40 0 0 0 0 0
1564543839 17458 5582 8485 0 3492 40 0 0 0 0 0
1564544320 19002 5582 8485 0 3492 40 0 0 0 0 0
1564554238 19002 5582 8485 0 3608 40 0 0 0 0 0
1564555262 19002 5891 8485 0 3608 40 0 0 0 0 0
1564558413 19002 5969 8485 0 3608 40 0 0 0 0 0
1564560906 19002 5969 8485 0 3863 40 0 0 0 0 0
1564564500 19002 5969 8485 0 3863 238 0 0 0 0 0
1564566623 19002 5969 8485 0 3869 238 0 0 0 0 0
1564570344 19002 6024 8485 0 3869 238 0 0 0 0 0
1564571349 19002 6024 8485 0 3869 276 0 0 0 0 0
1564571649 19002 6028 8485 0 3869 276 0 0 0 0 0
1564571660 19002 6028 8485 0 3869 276 0 0 0 0 0
1564571751 19002 6028 8485 0 3869 282 0 0 0 0 0
1564571788 19002 6028 8485 0 3869 282 0 0 0 0 0
1564573699 19270 6028 8485 0 3869 282 0 0 0 0 0
1564626483 19270 6028 8485 0 4159 282 0 0 0 0 0
1564626490 19302 6028 8485 0 4159 282 0 0 0 0 0
1564626515 19302 6028 8485 0 4159 282 0 0 0 0 0
1564627169 19304 6028 8485 0 4159 282 0 0 0 0 0
1564627641 19304 6046 8485 0 4159 282 0 0 0 0 0
1564631000 19304 6047 8485 0 4159 282 0 0 0 0 0
1564631288 19364 6047 8485 0 4159 282 0 0 0 0 0
1564632538 19365 6047 8485 0 4159 282 0 0 0 0 0
1564633089 19365 6047 8485 0 4682 282 0 0 0 0 0
1564633097 19365 6047 8485 0 4682 282 0 0 0 0 0
1564633114 19365 6047 8485 0 4682 282 0 0 0 0 0
1564633119 19365 6047 8485 0 4682 282 0 0 0 0 0
1564633178 19365 6064 8485 0 4682 282 0 0 0 0 0
1564633192 19365 6064 8485 0 4682 282 0 0 0 0 0
1564633402 19365 6064 8485 0 8037 282 0 0 0 0 0
1564633410 19365 6064 8485 0 8037 282 0 0 0 0 0
1564633426 19365 6064 8485 0 8037 282 0 0 0 0 0
1564633431 19365 6064 8485 0 8037 282 0 0 0 0 0
1564635877 19422 6064 8485 0 8037 282 0 0 0 0 0
1564636159 19424 6064 8485 0 8037 282 0 0 0 0 0
1564636255 19429 6064 8485 0 8037 282 0 0 0 0 0
1564636320 19442 6064 8485 0 8037 282 0 0 0 0 0
1564637158 19443 6064 8485 0 8037 282 0 0 0 0 0
1564638424 19443 6064 8485 0 8037 288 0 0 0 0 0
1564639395 19443 6065 8485 0 8037 288 0 0 0 0 0
1564639416 19443 6065 8485 0 8037 288 0 0 0 0 0
1564639618 19443 6075 8485 0 8037 288 0 0 0 0 0
1564639637 19443 6075 8485 0 8037 288 0 0 0 0 0
1564639950 19444 6075 8485 0 8037 288 0 0 0 0 0
1564640052 19444 6080 8485 0 8037 288 0 0 0 0 0
1564640064 19444 6080 8485 0 8037 288 0 0 0 0 0
1564641935 19444 6082 8485 0 8037 288 0 0 0 0 0
1564645322 19448 6082 8485 0 8037 344 0 0 0 0 0
1564645647 19450 6082 8485 0 8037 344 0 0 0 0 0
1564649629 19450 6082 8485 0 8037 361 0 0 0 0 0
1564652104 19450 6082 8485 0 8573 361 0 0 0 0 0
1564652114 19450 6082 8485 0 8573 361 0 0 0 0 0
1564652133 19450 6082 8485 0 8573 361 0 0 0 0 0
1564652143 19450 6082 8485 0 8573 361 0 0 0 0 0
1564653463 19450 6131 8485 0 8573 361 0 0 0 0 0
1564653779 19450 7316 8485 0 8573 361 0 0 0 0 0
1564653970 19450 7316 8485 0 8573 468 0 0 0 0 0
1564654178 19468 7316 8485 0 8962 468 0 0 0 0 0
1564654686 19525 7316 8485 0 8962 468 0 0 0 0 0
1564656909 19525 7316 8485 0 8962 485 0 0 0 0 0
1564657080 19525 7385 8485 0 8962 485 0 0 0 0 0
1564677349 19617 7385 8485 0 8962 485 0 0 0 0 0
1564677844 19637 7385 8485 0 8962 485 0 0 0 0 0
1564712383 19637 7385 8485 0 11378 485 0 0 0 0 0
1564713653 19637 7385 8485 0 11509 485 0 0 0 0 0
1564713698 19637 7385 8485 0 11509 497 0 0 0 0 0
1564713709 19637 7385 8485 0 11509 497 0 0 0 0 0
1564713734 19637 7385 8485 0 11509 497 0 0 0 0 0
1564713737 19639 7385 8485 0 11509 497 0 0 0 0 0
1564715618 20022 7385 8485 0 11509 497 0 0 0 0 0
1564715809 20022 7454 8485 0 11509 497 0 0 0 0 0
1564716715 20073 7454 8485 0 11509 497 0 0 0 0 0
1564716781 20074 7454 8485 0 11509 497 0 0 0 0 0
1564717225 20074 7454 8485 0 11509 497 0 0 0 0 0
1564717234 20074 7454 8485 0 11509 497 0 0 0 0 0
1564717257 20074 7520 8485 0 11509 497 0 0 0 0 0
1564717258 20074 7520 8485 0 11509 497 0 0 0 0 0
1564717263 20074 7520 8485 0 11509 497 0 0 0 0 0
1564717295 20074 7520 8485 0 11509 497 0 0 0 0 0
1564717456 20074 7520 8485 0 11510 497 0 0 0 0 0
1564717554 20116 7520 8485 0 11510 497 0 0 0 0 0
1564720135 20116 7520 8485 0 11510 574 0 0 0 0 0
1564720221 20146 7520 8485 0 11510 574 0 0 0 0 0
1564720483 20148 7520 8485 0 11510 574 0 0 0 0 0
1564721729 20152 7520 8485 0 11510 574 0 0 0 0 0
1564732687 20320 7520 8485 0 11510 574 0 0 0 0 0
1564738147 20320 7520 8485 0 15760 574 0 0 0 0 0
1564738250 20320 7520 8485 0 15760 574 0 0 0 0 0
1564738482 20381 7520 8485 0 15760 574 0 0 0 0 0
1564740489 20381 7520 8485 0 15800 574 0 0 0 0 0
1564740497 20381 7520 8485 0 15800 574 0 0 0 0 0
1564740508 20381 7520 8485 0 15800 574 0 0 0 0 0
1564740513 20381 7614 8485 0 15800 574 0 0 0 0 0
1564741458 20381 7622 8485 0 15800 574 0 0 0 0 0
1564744044 20381 7622 8485 0 15840 574 0 0 0 0 0
1564745361 22252 7622 8485 0 15840 574 0 0 0 0 0
1564745404 22252 7622 8485 0 15840 574 0 0 0 0 0
1564751126 22258 7622 8485 0 15840 574 0 0 0 0 0
1564759281 22633 7622 8485 0 15840 574 0 0 0 0 0
1564759678 22635 7622 8485 0 15840 574 0 0 0 0 0
1564759875 22636 7622 8485 0 15840 574 0 0 0 0 0
1564760325 22639 7622 8485 0 15840 574 0 0 0 0 0
1564761051 22670 7622 8485 0 15840 574 0 0 0 0 0
1564763460 22672 7622 8485 0 15840 574 0 0 0 0 0
1564765768 22689 7622 8485 0 15840 574 0 0 0 0 0
1564925143 22690 7622 8485 0 15840 574 0 0 0 0 0
1564925218 22692 7622 8485 0 15840 574 0 0 0 0 0
1564932205 22801 7622 8485 0 15840 574 0 0 0 0 0
1564973277 22801 7622 8485 0 15840 574 0 0 0 0 0
1564974713 22801 7629 8485 0 15840 574 0 0 0 0 0
1564976327 22801 7629 8485 0 15840 2435 0 0 0 0 0
1564976905 22801 7629 8485 0 15963 2435 0 0 0 0 0
1564977019 22801 7629 8485 0 15963 2435 0 0 0 0 0
1564979431 22801 7629 8485 0 16135 2435 0 0 0 0 0
1564980366 22897 7629 8485 0 16135 2435 0 0 0 0 0
1564986265 22897 7722 8485 0 16135 2435 0 0 0 0 0
1564989636 22897 7722 8485 0 16154 2435 0 0 0 0 0
1564989912 22936 7722 8485 0 16154 2435 0 0 0 0 0
1564991411 22953 7722 8485 0 16154 2435 0 0 0 0 0
1564993817 22953 7722 8485 0 16156 2435 0 0 0 0 0
1564993826 22953 7722 8485 0 16156 2435 0 0 0 0 0
1564993854 22953 7722 8485 0 16156 2435 0 0 0 0 0
1564993856 22953 7722 8485 0 16156 2435 0 0 0 0 0
1564994136 22953 7722 8485 0 16156 3846 0 0 0 0 0
1564995705 22958 7722 8485 0 16156 3846 0 0 0 0 0
1564995886 22959 7722 8485 0 16156 3846 0 0 0 0 0
1564996167 22959 7722 8485 0 16156 3910 0 0 0 0 0
1564996321 22963 7722 8485 0 16156 3910 0 0 0 0 0
1565000412 22980 7722 8485 0 16156 3910 0 0 0 0 0
1565001331 22980 7722 8485 0 16223 3910 0 0 0 0 0
1565001336 22980 7722 8485 0 16223 3910 0 0 0 0 0
1565001349 22980 7722 8485 0 16223 3910 0 0 0 0 0
1565001353 22980 7722 8485 0 16223 3910 0 0 0 0 0
1565002231 22980 7722 8485 0 16227 3910 0 0 0 0 0
1565003377 22980 7863 8485 0 16227 3910 0 0 0 0 0
1565056963 22980 7863 8485 0 16235 3910 0 0 0 0 0
1565057546 22980 7919 8485 0 16235 3910 0 0 0 0 0
1565058821 22980 7931 8485 0 16235 3910 0 0 0 0 0
1565060192 22980 7964 8485 0 16235 3910 0 0 0 0 0
1565060647 22980 7964 8486 0 16235 3910 0 0 0 0 0
1565062009 22980 8045 8486 0 16235 3910 0 0 0 0 0
1565062029 22980 8045 8486 0 16235 3910 0 0 0 0 0
1565062498 22980 8056 8486 0 16235 3910 0 0 0 0 0
1565064615 22980 8056 8486 0 16292 3910 0 0 0 0 0
1565064621 22980 8056 8486 0 16292 3910 0 0 0 0 0
1565064636 22980 8056 8486 0 16292 3910 0 0 0 0 0
1565064640 22980 8056 8486 0 16292 3910 0 0 0 0 0
1565065741 22980 8056 8486 0 16292 3994 0 0 0 0 0
1565065862 22980 8056 8486 0 16292 3995 0 0 0 0 0
1565065885 22980 8056 8486 0 16303 3995 0 0 0 0 0
1565065890 22980 8056 8486 0 16303 3995 0 0 0 0 0
1565065914 22980 8056 8486 0 16303 3995 0 0 0 0 0
1565065919 22980 8056 8486 0 16303 3995 0 0 0 0 0
1565068360 23047 8056 8486 0 16303 3995 0 0 0 0 0
1565068713 23053 8056 8486 0 16303 3995 0 0 0 0 0
1565071619 23053 8056 8486 0 16303 4000 0 0 0 0 0
1565072056 23053 8170 8486 0 16303 4000 0 0 0 0 0
1565072771 23053 9864 8486 0 16303 4000 0 0 0 0 0
1565072930 23053 9866 8486 0 16303 4000 0 0 0 0 0
1565073397 23053 9870 8486 0 16303 4000 0 0 0 0 0
1565074769 23053 9902 8486 0 16303 4000 0 0 0 0 0
1565074832 23053 9902 8486 0 16307 4000 0 0 0 0 0
1565075182 23167 9902 8486 0 16307 4000 0 0 0 0 0
1565075877 23167 9902 8486 0 16307 4000 0 0 0 0 0
1565076422 23167 9902 8486 0 16307 4000 0 0 0 0 0
1565076468 23167 10204 8486 0 16307 4000 0 0 0 0 0
1565076497 23167 10204 8486 0 16307 4000 0 0 0 0 0
1565076753 23167 10205 8486 0 16307 4000 0 0 0 0 0
1565079908 23167 10317 8486 0 16307 4000 0 0 0 0 0
1565082335 23167 10317 12245 0 16307 4000 0 0 0 0 0
1565082508 23177 10317 12245 0 16307 4000 0 0 0 0 0
1565082977 23190 10317 12245 0 16307 4000 0 0 0 0 0
1565085514 23190 10341 12245 0 16307 4000 0 0 0 0 0
1565087024 23191 10341 12245 0 16307 4000 0 0 0 0 0
1565088541 23192 10341 12245 0 16307 4000 0 0 0 0 0
1565101344 23202 10341 12245 0 16307 4000 0 0 0 0 0
1565102089 23203 10341 12245 0 16307 4000 0 0 0 0 0
1565108400 23228 10341 12245 0 16307 4000 0 0 0 0 0
1565144697 23228 11910 12245 0 16307 4000 0 0 0 0 0
1565145012 23259 11910 12245 0 16307 4000 0 0 0 0 0
1565145223 23259 11910 12257 0 16307 4000 0 0 0 0 0
1565146554 23267 11910 12257 0 16307 4000 0 0 0 0 0
1565149213 23267 11910 12257 0 16339 4000 0 0 0 0 0
1565157241 23267 11982 12257 0 16339 4000 0 0 0 0 0
1565158279 23267 11982 12257 0 16339 4010 0 0 0 0 0
1565158674 23273 11982 12257 0 16339 4010 0 0 0 0 0
1565159159 23273 11982 12257 0 16339 4011 0 0 0 0 0
1565160888 23286 11982 12257 0 16339 4011 0 0 0 0 0
1565161178 23290 11982 12257 0 16339 4011 0 0 0 0 0
1565161323 23291 11982 12257 0 16339 4011 0 0 0 0 0
1565161794 23298 11982 12257 0 16339 4011 0 0 0 0 0
1565163611 23298 11982 12257 0 16343 4011 0 0 0 0 0
1565165050 23298 11982 12257 0 16344 4011 0 0 0 0 0
1565166396 23298 12079 12257 0 16344 4011 0 0 0 0 0
1565166578 23301 12079 12257 0 16344 4011 0 0 0 0 0
1565168010 23308 12079 12257 0 16344 4011 0 0 0 0 0
1565168289 23308 12126 12257 0 16344 4011 0 0 0 0 0
1565168316 23308 12126 12257 0 16344 4011 0 0 0 0 0
1565168475 23308 12126 12257 0 16344 5942 0 0 0 0 0
1565168699 23308 12126 13803 0 16344 5942 0 0 0 0 0
1565169500 23308 12126 13803 0 16441 5942 0 0 0 0 0
1565169506 23308 12126 13803 0 16441 5942 0 0 0 0 0
1565169522 23308 12126 13803 0 16441 5942 0 0 0 0 0
1565169527 23308 12126 13803 0 16441 5942 0 0 0 0 0
1565169728 23308 12188 13803 0 16441 5942 0 0 0 0 0
1565170440 23308 12188 13803 0 16470 5942 0 0 0 0 0
1565170748 23308 12191 13803 0 16470 5942 0 0 0 0 0
1565171077 23308 12191 13806 0 16470 5942 0 0 0 0 0
1565171736 23308 12235 13806 0 16470 5942 0 0 0 0 0
1565172674 23308 12235 13806 0 16470 6007 0 0 0 0 0
1565172734 23308 12239 13806 0 16470 6007 0 0 0 0 0
1565172755 23308 12239 13806 0 16470 6007 0 0 0 0 0
1565173322 23337 12239 13806 0 16470 6023 0 0 0 0 0
1565174815 23394 12239 13806 0 16470 6023 0 0 0 0 0
1565197097 23394 12252 13806 0 16470 6023 0 0 0 0 0
1565199584 23394 12288 13806 0 16470 6023 0 0 0 0 0
1565201012 23394 12302 13806 0 16470 6023 0 0 0 0 0
1565201108 23394 12305 13806 0 16470 6023 0 0 0 0 0
1565201166 23394 12305 13806 0 16470 6023 0 0 0 0 0
1565233069 23394 12376 13806 0 16470 6023 0 0 0 0 0
1565236068 23394 12376 13806 0 16475 6023 0 0 0 0 0
1565237326 23394 12576 13806 0 16475 6023 0 0 0 0 0
1565243569 23394 12642 13806 0 16475 6023 0 0 0 0 0
1565247534 23394 12656 13806 0 16475 6023 0 0 0 0 0
1565247813 25489 12656 13806 0 16475 6023 0 0 0 0 0
1565248935 25489 12656 13812 0 16475 6023 0 0 0 0 0
1565249440 25489 12661 13812 0 16475 6023 0 0 0 0 0
1565249471 25489 12661 13812 0 16475 6023 0 0 0 0 0
1565252677 25489 12661 13812 0 16475 6023 0 0 0 0 0
1565253643 25489 12707 13812 0 16475 6023 0 0 0 0 0
1565254690 25489 12707 13812 0 16477 6023 0 0 0 0 0
1565254694 25489 12707 13812 0 16477 6023 0 0 0 0 0
1565254708 25489 12707 13812 0 16477 6023 0 0 0 0 0
1565254714 25489 12707 13812 0 16477 6023 0 0 0 0 0
1565255115 25607 12708 13812 0 16477 6023 0 0 0 0 0
1565256577 25619 12708 13812 0 16477 6023 0 0 0 0 0
1565257022 25623 12708 13812 0 16477 6023 0 0 0 0 0
1565257368 25632 12708 13812 0 16477 6023 0 0 0 0 0
1565257436 25632 12711 13812 0 16477 6023 0 0 0 0 0
1565257897 25632 12737 13812 0 16477 6023 0 0 0 0 0
1565258250 25632 12757 13812 0 16477 6023 0 0 0 0 0
1565258542 25640 12757 13812 0 16477 6023 0 0 0 0 0
1565258851 25642 12757 13812 0 16477 6023 0 0 0 0 0
1565259639 25642 12757 13812 0 16614 6023 0 0 0 0 0
1565259649 25642 12757 13812 0 16614 6023 0 0 0 0 0
1565259669 25642 12757 13812 0 16614 6023 0 0 0 0 0
1565259673 25642 12757 13812 0 16614 6023 0 0 0 0 0
1565260802 25642 12834 13812 0 16614 6023 0 0 0 0 0
1565261368 25665 12834 13812 0 16614 6023 0 0 0 0 0
1565319186 25665 12837 13812 0 16614 6023 0 0 0 0 0
1565319193 25686 12837 13812 0 16614 6023 0 0 0 0 0
1565319434 25687 12837 13812 0 16614 6023 0 0 0 0 0
1565319466 25687 12837 13812 0 16615 6023 0 0 0 0 0
1565319486 25687 12837 13812 0 16615 6023 0 0 0 0 0
1565319487 25687 12837 13812 0 16615 6023 0 0 0 0 0
1565319565 25688 12837 13812 0 16615 6023 0 0 0 0 0
1565321353 25688 12849 13812 0 16615 6023 0 0 0 0 0
1565321543 25688 12849 13812 0 16615 6060 0 0 0 0 0
1565321924 25738 12849 13812 0 16615 6060 0 0 0 0 0
1565321981 25742 12849 13812 0 16615 6060 0 0 0 0 0
1565322655 25743 12849 13812 0 16615 6060 0 0 0 0 0
1565323061 25744 12849 13812 0 16615 6060 0 0 0 0 0
1565323656 25751 12849 13812 0 16615 6060 0 0 0 0 0
1565327808 25752 12849 13812 0 16615 6060 0 0 0 0 0
1565333746 25779 12849 13812 0 16615 6060 0 0 0 0 0
1565333768 25779 12849 13812 0 16618 6060 0 0 0 0 0
1565333803 25779 12849 13812 0 16618 6060 0 0 0 0 0
1565334156 25797 12849 13812 0 16618 6060 0 0 0 0 0
1565335449 25797 12849 13812 0 16621 6060 0 0 0 0 0
1565335454 25797 12849 13812 0 16621 6060 0 0 0 0 0
1565335470 25797 12849 13812 0 16621 6060 0 0 0 0 0
1565335476 25797 12849 13812 0 16621 6060 0 0 0 0 0
1565336311 25797 12849 13812 0 16621 6060 0 0 0 0 0
1565336327 25797 12849 13812 0 16621 6060 0 0 0 0 0
1565336339 25797 12849 13812 0 16621 6060 0 0 0 0 0
1565336342 25797 12849 13812 0 16621 6060 0 0 0 0 0
1565336471 25797 14730 13812 0 16621 6060 0 0 0 0 0
1565338548 25800 14730 13812 0 16621 6060 0 0 0 0 0
1565339525 25800 14734 13812 0 16621 6060 0 0 0 0 0
1565340228 25800 14735 13812 0 16621 6060 0 0 0 0 0
1565341783 25822 14735 13812 0 16621 6060 0 0 0 0 0
1565342846 25887 14735 13812 0 16621 6060 0 0 0 0 0
1565345440 25887 14739 13812 0 16621 6060 0 0 0 0 0
1565419467 27844 14739 13812 0 16621 6060 0 0 0 0 0
1565421891 27930 14739 13812 0 16621 6060 0 0 0 0 0
1565425783 27934 14739 13812 0 16621 6060 0 0 0 0 0
1565449485 27934 14835 13812 0 16621 6060 0 0 0 0 0
1565451375 27934 14841 13812 0 16621 6060 0 0 0 0 0
1565454671 27934 14989 13812 0 16621 6060 0 0 0 0 0
1565577470 27945 14989 13812 0 16621 6060 0 0 0 0 0
1565577532 27946 14989 13812 0 16621 6060 0 0 0 0 0
1565577878 27946 15005 13812 0 16621 6060 0 0 0 0 0
1565578008 27946 15005 13812 0 16630 6060 0 0 0 0 0
1565578015 27946 15005 13812 0 16630 6060 0 0 0 0 0
1565578032 27946 15005 13812 0 16630 6060 0 0 0 0 0
1565578035 27946 15005 13812 0 16630 6060 0 0 0 0 0
1565578494 27967 15005 13812 0 16630 6060 0 0 0 0 0
1565579118 27969 15005 13812 0 16630 6060 0 0 0 0 0
1565579751 27969 15006 13812 0 16630 6060 0 0 0 0 0
1565580254 27969 15006 13812 0 16764 6060 0 0 0 0 0
1565581799 27984 15006 13812 0 16764 6060 0 0 0 0 0
1565581832 27988 15006 13812 0 16764 6060 0 0 0 0 0
1565594599 27988 15006 13812 0 16764 6065 0 0 0 0 0
1565594720 27989 15006 13812 0 16764 6065 0 0 0 0 0
1565595673 27991 15006 13812 0 16764 6065 0 0 0 0 0
1565615717 28039 15006 13812 0 16764 6065 0 0 0 0 0
1565618662 28615 15006 13812 0 16764 6065 0 0 0 0 0
1565627667 28616 15006 13812 0 16764 6065 0 0 0 0 0
1565663229 28628 15006 13812 0 16764 6065 0 0 0 0 0
1565665866 28637 15006 13812 0 16764 6065 0 0 0 0 0
1565666791 28663 15006 13812 0 16764 6065 0 0 0 0 0
1565668292 28670 15006 13812 0 16764 6065 0 0 0 0 0
1565672794 28674 15006 13812 0 16764 6065 0 0 0 0 0
1565682177 28773 15006 13812 0 16764 6065 0 0 0 0 0
1565721917 28836 15006 13812 0 16764 6065 0 0 0 0 0
1565763670 28867 15006 13812 0 16764 6065 0 0 0 0 0
1565763827 28898 15006 13812 0 16764 6065 0 0 0 0 0
1565765116 28916 15006 13812 0 16764 6065 0 0 0 0 0
1565767388 28916 15006 13812 0 16791 6065 0 0 0 0 0
1565767541 28934 15006 13812 0 16791 6065 0 0 0 0 0
1565768508 28935 15006 13812 0 16791 6065 0 0 0 0 0
1565768733 28935 15006 13812 0 16791 6065 0 0 0 0 0
1565768976 28935 15015 13812 0 16791 6065 0 0 0 0 0
1565769175 28935 15016 13812 0 16791 6065 0 0 0 0 0
1565792741 28964 15016 13812 0 16791 6065 0 0 0 0 0
1565797489 29102 15016 13812 0 16791 6065 0 0 0 0 0
1565797587 29103 15016 13812 0 16791 6065 0 0 0 0 0
1565798240 29112 15016 13812 0 16791 6065 0 0 0 0 0
1565852039 29112 15016 13812 0 16794 6065 0 0 0 0 0
1565852080 29112 15016 13812 0 16794 6065 0 0 0 0 0
1565852270 29112 15016 13812 0 16797 6065 0 0 0 0 0
1565854874 29112 15016 13812 0 16818 6065 0 0 0 0 0
1565855263 29140 15016 13812 0 16818 6065 0 0 0 0 0
1565856533 29140 15016 13812 0 16824 6065 0 0 0 0 0
1565856540 29140 15016 13812 0 16824 6065 0 0 0 0 0
1565856559 29140 15016 13812 0 16824 6065 0 0 0 0 0
1565856569 29140 15016 13812 0 16824 6065 0 0 0 0 0
1565860138 29141 15016 13812 0 16824 6065 0 0 0 0 0
1565860900 29142 15016 13812 0 16824 6065 0 0 0 0 0
1565860944 29143 15016 13812 0 16824 6065 0 0 0 0 0
1565864436 29143 15016 13923 0 16824 6065 0 0 0 0 0
1565877511 29297 15016 13923 0 16824 6065 0 0 0 0 0
1565884370 29297 15016 13923 0 16824 6065 0 0 0 0 0
1565890926 29381 15026 14034 0 16824 6065 0 0 0 0 0
1565891433 29381 15026 14034 0 16824 6065 0 0 0 0 0
1565921399 29381 15026 14034 0 16846 6065 0 0 0 0 0
1565921907 29381 15026 14034 0 16867 6065 0 0 0 0 0
1565923735 29382 15026 14034 0 16867 6065 0 0 0 0 0
1565924125 31195 15026 14034 0 16867 6065 0 0 0 0 0
1565924330 33241 15348 14034 0 16867 6065 0 0 0 0 0
1565925162 33241 15682 14034 0 16867 6065 0 0 0 0 0
1565925665 33241 17738 14034 0 16867 6065 0 0 0 0 0
1565925765 33845 17738 14034 0 16867 6065 0 0 0 0 0
1565926985 33845 17738 14034 0 16867 6193 0 0 0 0 0
1565927802 35252 17738 14034 0 16867 6324 0 0 0 0 0
1565928061 35276 17738 14034 0 16867 6324 0 0 0 0 0
1565928193 35276 17738 14034 0 17828 6324 0 0 0 0 0
1565928341 37338 17738 14034 0 17828 6324 0 0 0 0 0
1565928684 37921 17738 19185 0 17828 6324 0 0 0 0 0
1565929101 37921 17738 19185 0 17828 6324 0 0 0 0 0
1565929110 37921 17738 19185 0 17828 6324 0 0 0 0 0
1565929193 37921 17738 19185 0 17828 6324 0 0 0 0 0
1565929197 37921 17738 19185 0 17828 6324 0 0 0 0 0
1565929225 37921 17738 19185 0 17828 8614 0 0 0 0 0
1565932761 37928 18249 19185 0 17828 8614 0 0 0 0 0
1565934014 37928 18249 19185 0 17828 8614 0 0 0 0 0
1565934048 37933 18249 19185 0 17828 8614 0 0 0 0 0
1565934200 37933 18249 19185 0 17828 8838 0 0 0 0 0
1565934482 37933 18249 19185 0 17828 8994 0 0 0 0 0
1565934551 37934 18249 19185 0 17828 8994 0 0 0 0 0
1565935125 37944 18249 19185 0 17828 8994 0 0 0 0 0
1565935172 37944 18249 19185 0 17828 9000 0 0 0 0 0
1565935466 37944 18452 19185 0 17828 9000 0 0 0 0 0
1565936160 37945 18452 19185 0 17828 9000 0 0 0 0 0
1565936595 37958 18452 19185 0 17828 9000 0 0 0 0 0
1565936802 37959 18452 19185 0 17828 9000 0 0 0 0 0
1565937577 37959 18495 19185 0 17828 9000 0 0 0 0 0
1565937951 37959 18514 19185 0 17828 9000 0 0 0 0 0
1565938122 37959 18514 19185 0 17947 9000 0 0 0 0 0
1565938258 37959 18514 19185 0 17947 9000 0 0 0 0 0
1565938312 37966 18514 19185 0 17947 9000 0 0 0 0 0
1565938485 37966 18553 19185 0 17947 9000 0 0 0 0 0
1565939219 37966 18553 20892 0 17947 9000 0 0 0 0 0
1565944404 37966 18553 20892 0 17947 9098 0 0 0 0 0
1565945380 37966 18553 20892 0 17947 10977 0 0 0 0 0
1565945814 38064 18553 20892 0 17947 10977 0 0 0 0 0
1565946712 38086 18553 20892 0 17947 10977 0 0 0 0 0
1565947465 38098 18553 20892 0 17947 10977 0 0 0 0 0
1565948921 38098 18553 20892 0 17947 11207 0 0 0 0 0
1565953204 38098 18553 20892 0 17947 13132 0 0 0 0 0
1566005621 38584 18553 20892 0 17947 13132 0 0 0 0 0
1566008683 38635 18553 20892 0 17947 13132 0 0 0 0 0
1566010438 38714 18553 20892 0 17947 13132 0 0 0 0 0
1566010921 38730 18553 20892 0 17947 13132 0 0 0 0 0
1566011783 38901 18553 20892 0 17947 13132 0 0 0 0 0
1566012043 38902 18553 20892 0 17947 13132 0 0 0 0 0
1566012389 38903 18553 20892 0 17947 13132 0 0 0 0 0
1566014283 38973 18553 20892 0 17947 13132 0 0 0 0 0
1566015035 39014 18553 20892 0 17947 13132 0 0 0 0 0
1566015510 39061 18553 20892 0 17947 13132 0 0 0 0 0
1566019461 39153 18553 20892 0 17947 13132 0 0 0 0 0
1566049819 39283 18553 20892 0 17947 13132 0 0 0 0 0
1566051062 39384 18553 20892 0 17947 13132 0 0 0 0 0
1566053259 40471 18553 20892 0 17947 13132 0 0 0 0 0
1566057849 40619 18553 20892 0 17947 13132 0 0 0 0 0
1566061621 40814 18553 20892 0 17947 13132 0 0 0 0 0
1566065843 41076 18553 20892 0 17947 13132 0 0 0 0 0
1566069423 41182 18553 20892 0 17947 13132 0 0 0 0 0
1566120155 41182 18628 20892 0 17947 13132 0 0 0 0 0
1566141465 41219 18628 20892 0 17947 13132 0 0 0 0 0
1566149252 41272 18628 20892 0 17947 13132 0 0 0 0 0
1566149415 41273 18628 20892 0 17947 13132 0 0 0 0 0
1566153283 41277 18628 20892 0 17947 13132 0 0 0 0 0
1566182539 41277 18628 20892 0 17947 13225 0 0 0 0 0
1566183752 41277 18628 20892 0 17947 13311 0 0 0 0 0
1566184136 41277 18726 20892 0 17947 13311 0 0 0 0 0
1566185958 41277 18726 20892 0 17947 13385 0 0 0 0 0
1566185970 41277 18726 20892 0 17947 13385 0 0 0 0 0
1566186835 41277 18726 20892 0 17947 13467 0 0 0 0 0
1566187583 41277 18726 20892 0 17947 13543 0 0 0 0 0
1566188239 41279 18726 20892 0 17947 13620 0 0 0 0 0
1566189354 41477 18726 20892 0 17947 13620 0 0 0 0 0
1566194149 41477 18841 20892 0 17947 13620 0 0 0 0 0
1566197247 41477 19076 20892 0 17947 13620 0 0 0 0 0
1566197858 41477 19087 20892 0 17947 13620 0 0 0 0 0
1566200256 41728 19087 20978 0 17947 13620 0 0 0 0 0
1566201338 41728 19087 21490 0 17947 13620 0 0 0 0 0
1566201827 41785 19087 21490 0 17947 13620 0 0 0 0 0
1566202798 41785 19087 21506 0 17947 13620 0 0 0 0 0
1566203022 41788 19087 21506 0 17947 13620 0 0 0 0 0
1566203033 41788 19087 21506 0 17947 13702 0 0 0 0 0
1566203052 41788 19087 21506 0 17947 13702 0 0 0 0 0
1566203497 41788 21262 21506 0 17947 13702 0 0 0 0 0
1566204107 41790 21262 21506 0 17947 13702 0 0 0 0 0
1566206276 41792 21262 21506 0 17947 13702 0 0 0 0 0
1566208535 41809 21262 21506 0 17947 13702 0 0 0 0 0
1566210270 41809 21331 21506 0 17947 13702 0 0 0 0 0
1566210542 41809 21331 21988 0 17947 13702 0 0 0 0 0
1566210697 41818 21331 21988 0 17947 13702 0 0 0 0 0
1566210840 41818 21331 21989 0 17947 13702 0 0 0 0 0
1566212273 41824 21331 21989 0 17947 13702 0 0 0 0 0
1566212753 41824 21331 22168 0 17947 13702 0 0 0 0 0
1566220798 41833 21331 22168 0 17947 13702 0 0 0 0 0
1566221962 42014 21331 22168 0 17947 13702 0 0 0 0 0
1566223438 42138 21331 22168 0 17947 13702 0 0 0 0 0
1566223865 42149 21331 22168 0 17947 13702 0 0 0 0 0
1566225437 42149 21331 22168 0 17947 13702 0 0 0 0 0
1566227282 42154 21331 22168 0 17947 13702 0 0 0 0 0
1566231048 42185 21331 22168 0 17947 13702 0 0 0 0 0
1566232453 42192 21331 22168 0 17947 13702 0 0 0 0 0
1566268041 42192 21331 22181 0 17947 13702 0 0 0 0 0
1566268393 42263 21331 22181 0 17947 13702 0 0 0 0 0
1566268449 42263 21331 22181 0 17947 13722 0 0 0 0 0
1566270176 42263 21331 22181 0 17947 13799 0 0 0 0 0
1566270757 42263 21519 22181 0 17947 13799 0 0 0 0 0
1566271121 42267 21519 22181 0 17947 13799 0 0 0 0 0
1566271619 42267 21520 22181 0 17947 13799 0 0 0 0 0
1566274144 42267 21520 22181 0 17947 13821 0 0 0 0 0
1566275165 42267 21520 22254 0 17947 13821 0 0 0 0 0
1566278901 42293 21520 22254 0 17947 13821 0 0 0 0 0
1566280170 42293 21602 22254 0 17947 13821 0 0 0 0 0
1566280841 42326 21602 22254 0 17947 13821 0 0 0 0 0
1566280942 42330 21602 22254 0 17947 13821 0 0 0 0 0
1566282709 42392 21602 22254 0 17947 13821 0 0 0 0 0
1566282791 42397 21602 22254 0 17947 13821 0 0 0 0 0
1566283664 42397 21602 22254 0 17947 13873 0 0 0 0 0
1566284104 42397 21602 22254 0 17947 13929 0 0 0 0 0
1566285849 42397 21602 22258 0 17947 13929 0 0 0 0 0
1566285929 42397 21710 22258 0 17947 13929 0 0 0 0 0
1566286105 42397 21710 22258 0 17947 13929 0 0 0 0 0
1566289137 42563 21710 22258 0 17947 13929 0 0 0 0 0
1566289251 42565 21710 22258 0 17947 13929 0 0 0 0 0
1566289303 42569 21710 22258 0 17947 13929 0 0 0 0 0
1566289517 42570 21710 22258 0 17947 13929 0 0 0 0 0
1566290699 42588 21710 22258 0 17947 13929 0 0 0 0 0
1566292977 42588 21710 22272 0 17947 13929 0 0 0 0 0
1566293348 42588 21801 22272 0 17947 13929 0 0 0 0 0
1566293393 42588 21801 22272 0 17947 13929 0 0 0 0 0
1566297447 42591 21803 22272 0 17947 13929 0 0 0 0 0
1566305432 42809 21803 22272 0 17947 13929 0 0 0 0 0
1566318112 42938 21803 22272 0 17947 13929 0 0 0 0 0
1566354302 42938 21828 22272 0 17947 13929 0 0 0 0 0
1566355290 42972 21828 22272 0 17947 14053 0 0 0 0 0
1566356405 42972 21828 22272 0 17947 14053 0 0 0 0 0
1566356612 43132 21828 22272 0 17947 14053 0 0 0 0 0
1566358652 43132 21828 22287 0 17947 14053 0 0 0 0 0
1566359825 43132 21828 22288 0 17947 14053 0 0 0 0 0
1566360525 43132 22220 22288 0 17947 14053 0 0 0 0 0
1566360559 43351 22220 22288 0 17947 14053 0 0 0 0 0
1566360960 43352 22220 22288 0 17947 14053 0 0 0 0 0
1566361644 43352 22220 22288 0 17947 14270 0 0 0 0 0
1566365014 43352 22220 22288 0 17947 14270 0 0 0 0 0
1566365523 43352 22220 22288 0 17947 14270 0 0 0 0 0
1566370527 43352 22339 22288 0 17947 14273 0 0 0 0 0
1566371478 43352 22392 22288 0 17947 14273 0 0 0 0 0
1566371506 43352 22392 22288 0 17947 14273 0 0 0 0 0
1566371509 43352 22392 22288 0 17947 14273 0 0 0 0 0
1566371633 43352 22403 22288 0 17947 14273 0 0 0 0 0
1566371643 43352 22403 22288 0 17947 14273 0 0 0 0 0
1566371868 43353 22403 22288 0 17947 14273 0 0 0 0 0
1566373692 43367 22403 22288 0 17947 14273 0 0 0 0 0
1566373827 43371 22403 22288 0 17947 14273 0 0 0 0 0
1566374348 43371 22403 22288 0 17947 14273 0 0 0 0 0
1566375161 43371 22403 22288 0 17947 14284 0 0 0 0 0
1566375606 43371 22413 22288 0 17947 14284 0 0 0 0 0
1566375966 43371 22418 22288 0 17947 14284 0 0 0 0 0
1566376081 43376 22418 22288 0 17947 14284 0 0 0 0 0
1566376240 43376 22423 22288 0 17947 14284 0 0 0 0 0
1566376255 43417 22423 22288 0 17947 14284 0 0 0 0 0
1566376346 43417 22423 22288 0 17947 14284 0 0 0 0 0
1566376855 43417 22425 22288 0 17947 14284 0 0 0 0 0
1566379529 43427 22425 22288 0 17947 14284 0 0 0 0 0
1566382728 43427 22425 22288 0 17947 14289 0 0 0 0 0
1566382737 43427 22425 22288 0 17947 14289 0 0 0 0 0
1566382754 43427 22425 22288 0 17947 14289 0 0 0 0 0
1566382760 43445 22432 22288 0 17947 14289 0 0 0 0 0
1566391446 43445 22432 22288 0 17947 14289 0 0 0 0 0
1566391500 43445 22432 22290 0 17947 14289 0 0 0 0 0
1566391796 43445 22432 22290 0 17947 14289 0 0 0 0 0
1566399696 43460 22432 22290 0 17947 14289 0 0 0 0 0
1566402832 43462 22432 22290 0 17947 14289 0 0 0 0 0
1566406990 43463 22432 22290 0 17947 14289 0 0 0 0 0
1566407054 43463 22432 22290 0 17947 14289 0 0 0 0 0
1566439627 43467 22432 22290 0 17947 14289 0 0 0 0 0
1566440206 43467 22435 22290 0 17947 14289 0 0 0 0 0
1566441126 43495 22435 22290 0 17947 14289 0 0 0 0 0
1566441291 43495 22435 22290 0 17947 14289 0 0 0 0 0
1566444270 43495 22435 24589 0 17947 14289 0 0 0 0 0
1566444739 43495 22441 24589 0 17947 14289 0 0 0 0 0
1566445410 43549 22441 24589 0 17947 14289 0 0 0 0 0
1566446337 43549 22441 24685 0 17947 14289 0 0 0 0 0
1566453413 43556 22441 24685 0 17947 14289 0 0 0 0 0
1566454692 43566 22441 24685 0 17947 14289 0 0 0 0 0
1566455198 43583 22462 24685 0 17947 14289 0 0 0 0 0
1566455246 43583 22463 24685 0 17947 14289 0 0 0 0 0
1566456047 43583 22463 24685 0 17947 14410 0 0 0 0 0
1566456447 43591 22463 24685 0 17947 14410 0 0 0 0 0
1566457982 43610 22463 24685 0 17947 14410 0 0 0 0 0
1566459311 43610 22463 24685 0 17947 14432 0 0 0 0 0
1566459328 43610 22463 24685 0 17947 14432 0 0 0 0 0
1566459565 43610 22463 24913 0 17947 14432 0 0 0 0 0
1566460173 43635 22463 24913 0 17947 14432 0 0 0 0 0
1566460898 43635 22463 24913 0 17947 14541 0 0 0 0 0
1566461356 43635 23015 24913 0 17947 14541 0 0 0 0 0
1566461635 43635 23015 24913 0 17947 14654 0 0 0 0 0
1566461676 43635 23015 24917 0 17947 14654 0 0 0 0 0
1566461926 43635 23015 24917 0 17947 14654 0 0 0 0 0
1566461935 43635 23015 24917 0 17947 14654 0 0 0 0 0
1566462006 43635 23015 24917 0 17947 14654 0 0 0 0 0
1566462011 43635 23015 24917 0 17947 14654 0 0 0 0 0
1566462892 43711 23015 24917 0 17947 14654 0 0 0 0 0
1566463679 43717 23015 24917 0 17947 14654 0 0 0 0 0
1566464195 43729 23015 24917 0 17947 14654 0 0 0 0 0
1566464269 43729 23015 24917 0 17947 14654 0 0 0 0 0
1566464426 43729 23015 24917 0 17947 14804 0 0 0 0 0
1566464440 43729 23099 24917 0 17947 14804 0 0 0 0 0
1566464674 43848 23735 25188 0 17947 15176 0 0 0 0 0
1566464691 43849 23735 25188 0 17947 15176 0 0 0 0 0
1566465227 43849 23735 25205 0 17947 15176 0 0 0 0 0
1566465897 43849 23735 25240 0 17947 15176 0 0 0 0 0
1566466930 43849 23735 25240 0 17947 15176 0 0 0 0 0
1566468502 43849 23735 25350 0 17947 15176 0 0 0 0 0
1566468614 43849 23789 25350 0 17947 15176 0 0 0 0 0
1566468745 43849 23789 25350 0 17947 15176 0 0 0 0 0
1566469717 43849 23789 25350 0 17947 15176 0 0 0 0 0
1566470115 43849 23789 25350 0 17947 15176 0 0 0 0 0
1566472575 43849 23789 25350 0 17947 15303 0 0 0 0 0
1566475666 43849 23789 25350 0 17947 15345 0 0 0 0 0
1566476320 43849 23789 25350 0 17947 15345 0 0 0 0 0
1566486847 43849 23789 25350 0 17947 15345 0 0 0 0 0
1566488590 43906 23789 25350 0 17947 15345 0 0 0 0 0
1566488966 43963 23789 25350 0 17947 15345 0 0 0 0 0
1566491402 44045 23789 25350 0 17947 15345 0 0 0 0 0
1566491522 44046 23789 25350 0 17947 15345 0 0 0 0 0
1566492582 44057 23789 25350 0 17947 15345 0 0 0 0 0
1566494499 44059 23789 25350 0 17947 15345 0 0 0 0 0
1566497049 44088 23789 25350 0 17947 15345 0 0 0 0 0
1566497497 44092 23789 25350 0 17947 15345 0 0 0 0 0
1566497546 44092 23789 25350 0 17947 15345 0 0 0 0 0
1566498037 44103 23789 25350 0 17947 15345 0 0 0 0 0
1566498090 44103 23789 25350 0 17947 15345 0 0 0 0 0
1566526155 44116 23789 25350 0 17947 15345 0 0 0 0 0
1566528215 44116 23789 25350 0 17952 15345 0 0 0 0 0
1566528704 44145 23789 25350 0 17952 15345 0 0 0 0 0
1566528981 44145 23789 25370 0 17952 15345 0 0 0 0 0
1566529815 44145 23789 25370 0 17963 15345 0 0 0 0 0
1566529820 44145 23789 25370 0 17963 15345 0 0 0 0 0
1566529832 44145 23789 25370 0 17963 15345 0 0 0 0 0
1566529835 44145 23789 25370 0 17963 15345 0 0 0 0 0
1566531070 44145 23789 25370 0 17979 15345 0 0 0 0 0
1566533307 44145 23789 25370 0 17997 15345 0 0 0 0 0
1566533959 44146 23789 25370 0 17997 15345 0 0 0 0 0
1566535053 44244 23789 25370 0 17997 15345 0 0 0 0 0
1566538202 44244 24143 25370 0 17997 15345 0 0 0 0 0
1566538229 44244 24143 25370 0 17997 15361 0 0 0 0 0
1566538252 44244 24143 25370 0 17997 15361 0 0 0 0 0
1566538776 44252 24143 25370 0 17997 15361 0 0 0 0 0
1566540572 44258 24143 25370 0 17997 15361 0 0 0 0 0
1566540698 44258 24148 25370 0 17997 15361 0 0 0 0 0
1566541398 44258 24148 25370 0 18005 15361 0 0 0 0 0
1566541404 44258 24148 25370 0 18005 15361 0 0 0 0 0
1566541417 44258 24148 25370 0 18005 15361 0 0 0 0 0
1566541421 44258 24148 25370 0 18005 15361 0 0 0 0 0
1566542232 44258 24148 25370 0 18020 15361 0 0 0 0 0
1566543502 44258 24148 25370 0 18020 15413 0 0 0 0 0
1566543829 44258 24148 25370 0 18020 15413 0 0 0 0 0
1566543986 44258 24148 25370 0 18020 15417 0 0 0 0 0
1566543989 44269 24148 25370 0 18020 15417 0 0 0 0 0
1566544079 44269 24148 25370 0 18020 15417 0 0 0 0 0
1566545426 44269 24148 25371 0 18020 15417 0 0 0 0 0
1566554203 44269 24148 25371 0 18194 15417 0 0 0 0 0
1566554213 44269 24148 25371 0 18194 15417 0 0 0 0 0
1566554228 44269 24148 25371 0 18194 15417 0 0 0 0 0
1566554235 44270 24148 25371 0 18194 15417 0 0 0 0 0
1566555490 44270 24148 25371 0 18194 15417 0 0 0 0 0
1566555922 44270 24148 25371 0 18194 15417 0 0 0 0 0
1566555930 44270 24148 25371 0 18194 15417 0 0 0 0 0
1566557473 44271 24148 25449 0 18194 15417 0 0 0 0 0
1566567594 44326 24148 25449 0 18194 15417 0 0 0 0 0
1566568977 44367 24148 25449 0 18194 15417 0 0 0 0 0
1566573991 44432 24148 25449 0 18194 15417 0 0 0 0 0
1566574312 44444 24148 25449 0 18194 15417 0 0 0 0 0
1566574583 44460 24148 25449 0 18194 15417 0 0 0 0 0
1566576041 44489 24148 25449 0 18194 15417 0 0 0 0 0
1566576469 44511 24148 25449 0 18194 15417 0 0 0 0 0
1566620946 44745 24148 25449 0 18194 15417 0 0 0 0 0
1566623606 44819 24148 25449 0 18194 15417 0 0 0 0 0
1566623770 44825 24148 25449 0 18194 15417 0 0 0 0 0
1566623862 44825 24148 25449 0 18194 15417 0 0 0 0 0
1566627897 44955 24148 25449 0 18194 15417 0 0 0 0 0
1566634342 45047 24148 25449 0 18194 15417 0 0 0 0 0
1566634393 45047 24148 25449 0 18194 15417 0 0 0 0 0
1566635076 45050 24148 25449 0 18194 15417 0 0 0 0 0
1566635118 45050 24148 25449 0 18194 15417 0 0 0 0 0
1566654928 45051 24148 25449 0 18194 15417 0 0 0 0 0
1566657854 45089 24148 25449 0 18194 15417 0 0 0 0 0
1566657964 45089 24148 25449 0 18194 15417 0 0 0 0 0
1566661726 45202 24148 25449 0 18194 15417 0 0 0 0 0
1566662010 45202 24148 25449 0 18194 15417 0 0 0 0 0
1566663483 45203 24148 25449 0 18194 15417 0 0 0 0 0
1566677030 45265 24148 25449 0 18194 15417 0 0 0 0 0
1566677091 45270 24148 25449 0 18194 15417 0 0 0 0 0
1566677121 45317 24148 25449 0 18194 15417 0 0 0 0 0
1566677172 45330 24148 25449 0 18194 15417 0 0 0 0 0
1566677205 45335 24148 25449 0 18194 15417 0 0 0 0 0
1566678985 45343 24148 25449 0 18194 15417 0 0 0 0 0
1566708270 45343 24148 25449 0 18194 15426 0 0 0 0 0
1566724253 45344 24148 25449 0 18194 15426 0 0 0 0 0
1566724402 45344 24148 25449 0 18194 15426 0 0 0 0 0
1566738459 45595 24148 25449 0 18194 15426 0 0 0 0 0
1566739889 45595 24148 25449 0 18194 15426 0 0 0 0 0
1566785904 45595 24148 25449 0 18194 15426 0 0 0 0 0
1566788274 45626 24148 25449 0 18194 15426 0 0 0 0 0
1566790561 45658 24148 25470 0 18194 15426 0 0 0 0 0
1566790624 45692 24148 25470 0 18194 15426 0 0 0 0 0
1566790696 45692 24148 25470 0 18194 15426 0 0 0 0 0
1566790787 45692 24148 25470 0 18194 15575 0 0 0 0 0
1566793168 45749 24148 25470 0 18194 15575 0 0 0 0 0
1566793642 45754 24148 25470 0 18194 15575 0 0 0 0 0
1566796567 45754 24148 25470 0 18197 15575 0 0 0 0 0
1566796574 45754 24148 25470 0 18197 15575 0 0 0 0 0
1566796590 45754 24148 25470 0 18197 15575 0 0 0 0 0
1566796594 45754 24148 25470 0 18197 15575 0 0 0 0 0
1566799510 45846 24148 25470 0 18197 15575 0 0 0 0 0
1566800019 45846 24148 25470 0 18197 15611 0 0 0 0 0
1566801093 45871 24148 25470 0 18197 15611 0 0 0 0 0
1566803268 45871 24148 25470 0 18197 15630 0 0 0 0 0
1566806033 45871 24148 25470 0 18326 15630 0 0 0 0 0
1566806195 45871 24148 25470 0 18326 15630 0 0 0 0 0
1566808891 45871 24148 25470 0 18326 15706 0 0 0 0 0
1566808899 45871 24148 25470 0 18326 15706 0 0 0 0 0
1566808929 45871 24148 25470 0 18326 15706 0 0 0 0 0
1566808933 45871 24148 25470 0 18326 15706 0 0 0 0 0
1566810565 45875 24148 25470 0 18326 15706 0 0 0 0 0
1566810910 45875 24148 25470 0 18326 15713 0 0 0 0 0
1566813732 45875 24148 25470 0 18326 15748 0 0 0 0 0
1566813822 45877 24148 25470 0 18326 15748 0 0 0 0 0
1566814350 45877 24148 25472 0 18326 15748 0 0 0 0 0
1566814438 45877 24148 25472 0 18326 15748 0 0 0 0 0
1566814551 45877 24148 25472 0 18326 15748 0 0 0 0 0
1566816551 45931 24148 25472 0 18326 15748 0 0 0 0 0
1566817441 45931 24148 25472 0 18326 15748 0 0 0 0 0
1566820745 45951 24148 25472 0 18326 15748 0 0 0 0 0
1566826969 45951 24148 25472 0 18326 15748 0 0 0 0 0
1566871950 45951 24149 25472 0 18326 15748 0 0 0 0 0
1566872352 45951 24149 25472 0 18327 15748 0 0 0 0 0
1566874187 45951 24164 25472 0 18327 15748 0 0 0 0 0
1566874567 45951 24164 25472 0 18327 15748 0 0 0 0 0
1566875013 45951 24168 25472 0 18327 15748 0 0 0 0 0
1566878723 45951 24168 25472 0 18356 15748 0 0 0 0 0
1566878776 45985 24172 25472 0 18385 15748 0 0 0 0 0
1566879047 45985 24172 25472 0 18387 15748 0 0 0 0 0
1566879052 45985 24172 25472 0 18387 15748 0 0 0 0 0
1566879061 45985 24172 25472 0 18387 15748 0 0 0 0 0
1566879065 45985 24172 25472 0 18387 15748 0 0 0 0 0
1566879299 45985 24172 25472 0 18387 15748 0 0 0 0 0
1566880297 45985 24172 25472 0 18387 15749 0 0 0 0 0
1566884136 45986 24172 25472 0 18387 15749 0 0 0 0 0
1566889147 45986 24176 25472 0 18387 15749 0 0 0 0 0
1566889913 45986 24176 25472 0 18390 15749 0 0 0 0 0
1566889917 45986 24176 25472 0 18390 15749 0 0 0 0 0
1566889936 45986 24176 25472 0 18390 15749 0 0 0 0 0
1566889940 45986 24176 25472 0 18390 15749 0 0 0 0 0
1566890575 45986 24176 25472 0 18390 15772 0 0 0 0 0
1566892393 45986 24182 25472 0 18390 15772 0 0 0 0 0
1566893664 46009 24184 25472 0 18390 15772 0 0 0 0 0
1566895079 46046 24184 25472 0 18390 15772 0 0 0 0 0
1566897564 46046 24202 25472 0 18390 15772 0 0 0 0 0
1566897776 46093 24202 25472 0 18390 15772 0 0 0 0 0
1566897961 46097 24202 25472 0 18390 15772 0 0 0 0 0
1566898956 46163 24202 25472 0 18390 15772 0 0 0 0 0
1566899159 46163 24202 25472 0 18390 15942 0 0 0 0 0
1566899667 46182 24202 25472 0 18390 15942 0 0 0 0 0
1566900081 46224 24202 25472 0 18390 15942 0 0 0 0 0
1566900424 46273 24252 25472 0 18390 15942 0 0 0 0 0
1566900820 46273 24519 25472 0 18390 15942 0 0 0 0 0
1566901240 46273 24619 25472 0 18390 15942 0 0 0 0 0
1566901733 46273 24619 25472 0 18390 16029 0 0 0 0 0
1566901797 46273 24619 25562 0 18390 16029 0 0 0 0 0
1566903240 46273 24908 25562 0 18390 16029 0 0 0 0 0
1566903832 46273 24908 25562 0 18390 16054 0 0 0 0 0
1566904391 46354 24908 25569 0 18390 16054 0 0 0 0 0
1566904440 46381 24908 25569 0 18390 16054 0 0 0 0 0
1566905718 46429 24908 25569 0 18390 16054 0 0 0 0 0
1566908932 46480 24908 25569 0 18390 16054 0 0 0 0 0
1566910409 46647 24908 25569 0 18390 16054 0 0 0 0 0
1566910735 46655 24908 25569 0 18390 16054 0 0 0 0 0
1566911001 46675 24908 25569 0 18390 16054 0 0 0 0 0
1566913174 46686 24908 25569 0 18390 16054 0 0 0 0 0
1566913486 46686 24908 25569 0 18390 16054 0 0 0 0 0
1566916568 46710 24908 25569 0 18390 16054 0 0 0 0 0
1566917402 46710 24908 25569 0 18390 16054 0 0 0 0 0
1566920546 46745 24908 25569 0 18390 16054 0 0 0 0 0
1566920689 46749 24908 25569 0 18390 16054 0 0 0 0 0
1566920726 46749 24908 25569 0 18390 16054 0 0 0 0 0
1566923168 46796 24908 25569 0 18390 16054 0 0 0 0 0
1566924279 46796 24908 25569 0 18390 16054 0 0 0 0 0
1566925986 46820 24908 25569 0 18390 16054 0 0 0 0 0
1566957828 46823 24908 25569 0 18390 16054 0 0 0 0 0
1566957919 46823 24908 25569 0 18390 16054 0 0 0 0 0
1566958894 46830 24908 25569 0 18390 16054 0 0 0 0 0
1566958904 46830 24908 25570 0 18390 16054 0 0 0 0 0
1566958990 46830 24908 25570 0 18390 16054 0 0 0 0 0
1566959948 46831 24908 25570 0 18390 16054 0 0 0 0 0
1566961816 46831 24929 25570 0 18390 16054 0 0 0 0 0
1566962008 46831 24929 25570 0 18390 16054 0 0 0 0 0
1566962107 46831 24929 25570 0 18390 16054 0 0 0 0 0
1566963534 46831 24931 25570 0 18390 16054 0 0 0 0 0
1566963888 46831 24932 25570 0 18390 16054 0 0 0 0 0
1566964473 46831 24932 25626 0 18390 16054 0 0 0 0 0
1566964678 46844 24932 25626 0 18390 16054 0 0 0 0 0
1566965082 46844 24932 25626 0 18390 16054 0 0 0 0 0
1566965390 46844 24932 25626 0 18392 16054 0 0 0 0 0
1566965756 46844 24932 25626 0 18392 16054 0 0 0 0 0
1566966354 46845 24932 25626 0 18392 16054 0 0 0 0 0
1566968787 46845 24932 25626 0 18403 16054 0 0 0 0 0
1566968871 46845 24932 25626 0 18403 16054 0 0 0 0 0
1566970178 46855 24932 25626 0 18403 16054 0 0 0 0 0
1566972792 46855 24954 25626 0 18403 16054 0 0 0 0 0
1566973580 46855 24954 25626 0 18430 16054 0 0 0 0 0
1566973585 46855 24954 25626 0 18430 16054 0 0 0 0 0
1566973599 46855 24954 25626 0 18430 16054 0 0 0 0 0
1566973602 46855 24954 25626 0 18430 16054 0 0 0 0 0
1566974299 46855 24954 25626 0 18437 16054 0 0 0 0 0
1566974691 46855 24999 25626 0 18437 16054 0 0 0 0 0
1566977108 46855 24999 25626 0 18439 16054 0 0 0 0 0
1566977117 46855 24999 25626 0 18439 16054 0 0 0 0 0
1566977129 46855 24999 25626 0 18439 16054 0 0 0 0 0
1566977136 46855 24999 25626 0 18439 16054 0 0 0 0 0
1566977827 46855 25034 25626 0 18439 16054 0 0 0 0 0
1566978164 46918 25034 25626 0 18439 16054 0 0 0 0 0
1566978952 46918 25034 25626 0 18439 16054 0 0 0 0 0
1566979046 46918 25040 25626 0 18439 16054 0 0 0 0 0
1566979089 46918 25040 25626 0 18439 16054 0 0 0 0 0
1566979124 46918 25040 25626 0 18439 16054 0 0 0 0 0
1566980034 46918 25040 25815 0 18439 16054 0 0 0 0 0
1566980087 46974 25040 25815 0 18439 16054 0 0 0 0 0
1566980110 46978 25040 25815 0 18439 16054 0 0 0 0 0
1566980139 46978 25040 25815 0 18439 16054 0 0 0 0 0
1566980152 46978 25040 25815 0 18439 16054 0 0 0 0 0
1566980155 46978 25040 25815 0 18439 16054 0 0 0 0 0
1566982222 46978 25040 25815 0 18448 16054 0 0 0 0 0
1566982231 46978 25040 25815 0 18448 16054 0 0 0 0 0
1566982253 46978 25040 25815 0 18448 16054 0 0 0 0 0
1566982256 46978 25040 25815 0 18448 16054 0 0 0 0 0
1566983761 47115 25040 25815 0 18448 16054 0 0 0 0 0
1566986662 47119 25040 25815 0 18448 16054 0 0 0 0 0
1566986867 47119 25040 25815 0 18448 16054 0 0 0 0 0
1566987482 47119 25040 25815 0 18450 16054 0 0 0 0 0
1566988639 47120 25040 25815 0 18450 16054 0 0 0 0 0
1566988672 47120 25040 25815 0 18450 16054 0 0 0 0 0
1566989857 47120 25040 25819 0 18450 16054 0 0 0 0 0
1566989934 47120 25040 25823 0 18450 16054 0 0 0 0 0
1566991707 47121 25040 25823 0 18450 16054 0 0 0 0 0
1566991742 47121 25040 25823 0 18450 16054 0 0 0 0 0
1566995154 47121 25040 25847 0 18450 16054 0 0 0 0 0
1566995647 47130 25040 25847 0 18450 16054 0 0 0 0 0
1566996192 47132 25041 25847 0 18450 16054 0 0 0 0 0
1566996935 47132 25047 25847 0 18450 16054 0 0 0 0 0
1566998032 47132 25069 25847 0 18450 16054 0 0 0 0 0
1566998146 47134 25069 25847 0 18450 16054 0 0 0 0 0
1566998403 47134 25071 25847 0 18450 16054 0 0 0 0 0
1566998626 47134 25073 25847 0 18450 16054 0 0 0 0 0
1566998992 47134 25073 25847 0 18450 16054 0 0 0 0 0
1566999049 47134 25073 25847 0 18450 16054 0 0 0 0 0
1567002183 47165 25073 25847 0 18450 16054 0 0 0 0 0
1567002346 47165 25073 25847 0 18450 16054 0 0 0 0 0
1567044478 47165 25073 25858 0 18450 16054 0 0 0 0 0
1567046926 47165 25073 25979 0 18450 16054 0 0 0 0 0
1567048184 47165 25073 26106 0 18450 16054 0 0 0 0 0
1567048227 47165 25073 26106 0 18450 16054 0 0 0 0 0
1567048288 47165 25073 26106 0 18450 16054 0 0 0 0 0
1567049574 47165 25076 26106 0 18450 16054 0 0 0 0 0
1567049736 47169 25076 26106 0 18450 16054 0 0 0 0 0
1567051256 47169 25078 26106 0 18450 16054 0 0 0 0 0
1567051383 47169 25078 26106 0 18450 16084 0 0 0 0 0
1567052589 47175 25078 26106 0 18450 16084 0 0 0 0 0
1567052640 47175 25078 26106 0 18450 16084 0 0 0 0 0
1567052691 47175 25078 26106 0 18450 16084 0 0 0 0 0
1567059380 47175 25120 26106 0 18450 16084 0 0 0 0 0
1567059411 47175 25120 26106 0 18450 16084 0 0 0 0 0
1567060772 47175 25120 26118 0 18450 16084 0 0 0 0 0
1567060883 47175 25120 26118 0 18450 16084 0 0 0 0 0
1567061134 47175 25120 26120 0 18450 16084 0 0 0 0 0
1567061653 47175 25168 26120 0 18450 16084 0 0 0 0 0
1567061729 47175 25169 26120 0 18450 16084 0 0 0 0 0
1567062785 47175 25169 26134 0 18450 16084 0 0 0 0 0
1567062886 47175 25169 26134 0 18450 16101 0 0 0 0 0
1567062898 47175 25169 26134 0 18450 16101 0 0 0 0 0
1567063307 47176 25169 26134 0 18450 16101 0 0 0 0 0
1567063357 47176 25169 26146 0 18450 16101 0 0 0 0 0
1567063380 47176 25169 26146 0 18450 16101 0 0 0 0 0
1567067226 47195 25169 26146 0 18450 16101 0 0 0 0 0
1567067313 47196 25169 26146 0 18450 16101 0 0 0 0 0
1567067356 47196 25169 26146 0 18450 16101 0 0 0 0 0
1567068354 47208 25169 26146 0 18450 16101 0 0 0 0 0
1567068428 47208 25169 26146 0 18450 16101 0 0 0 0 0
1567070467 47208 25169 26147 0 18450 16101 0 0 0 0 0
1567070489 47208 25169 26147 0 18450 16101 0 0 0 0 0
1567071093 47208 25169 26157 0 18450 16101 0 0 0 0 0
1567071525 47208 25174 26157 0 18450 16101 0 0 0 0 0
1567075940 47212 25174 26157 0 18450 16101 0 0 0 0 0
1567076577 47212 25174 26157 0 18450 16101 0 0 0 0 0
1567132643 47213 25174 26157 0 18450 16101 0 0 0 0 0
1567133179 47213 25195 26157 0 18450 16101 0 0 0 0 0
1567136548 47223 25195 26157 0 18450 16101 0 0 0 0 0
1567139035 47249 25195 26157 0 18450 16101 0 0 0 0 0
1567142743 47249 25195 26157 0 18450 16101 0 0 0 0 0
1567144833 47249 25195 26161 0 18450 16101 0 0 0 0 0
1567145162 47263 25195 26161 0 18450 16101 0 0 0 0 0
1567146326 47263 25195 26161 0 18450 16108 0 0 0 0 0
1567146626 47263 25195 26161 0 18450 16108 0 0 0 0 0
1567151816 47263 25195 26163 0 18450 16108 0 0 0 0 0
1567154393 47263 25195 26176 0 18450 16108 0 0 0 0 0
1567154399 47296 25195 26176 0 18450 16108 0 0 0 0 0
1567154562 47296 25195 26176 0 18450 16108 0 0 0 0 0
1567157857 47395 25195 26176 0 18450 16108 0 0 0 0 0
1567158132 47406 25195 26176 0 18450 16108 0 0 0 0 0
1567158158 47406 25195 26176 0 18450 16108 0 0 0 0 0
1567159245 47407 25195 26176 0 18450 16108 0 0 0 0 0
1567159893 47407 25195 26176 0 18450 16108 0 0 0 0 0
1567161815 47410 25195 26176 0 18450 16108 0 0 0 0 0
1567162183 47410 25195 26176 0 18450 16108 0 0 0 0 0
1567162851 47412 25195 26176 0 18450 16108 0 0 0 0 0
1567163508 47420 25195 26176 0 18450 16108 0 0 0 0 0
1567165021 47432 25195 26176 0 18450 16108 0 0 0 0 0
1567165130 47440 25195 26176 0 18450 16108 0 0 0 0 0
1567166264 47449 25195 26176 0 18450 16108 0 0 0 0 0
1567167056 47449 25195 26176 0 18450 16108 0 0 0 0 0
1567171360 47522 25195 26176 0 18450 16108 0 0 0 0 0
1567182810 47522 25195 26176 0 18450 16108 0 0 0 0 0
1567184579 47526 25195 26176 0 18450 16108 0 0 0 0 0
1567184701 47526 25195 26176 0 18450 16108 0 0 0 0 0
1567186131 47527 25195 26176 0 18450 16108 0 0 0 0 0
1567187276 47527 25195 26176 0 18450 16108 0 0 0 0 0
1567738848 47527 25195 26177 0 18450 16108 0 0 0 0 0
1567763357 47527 25195 26190 0 18450 16108 0 0 0 0 0
1567763487 47527 25202 26190 0 18450 16108 0 0 0 0 0
1568102918 47527 25202 26192 0 18450 16108 0 0 0 0 0
1568112999 47553 25202 26192 0 18450 16108 0 0 0 0 0
1568114223 47558 25202 26192 0 18450 16108 0 0 0 0 0
1568172574 47566 25202 26192 0 18450 16108 0 0 0 0 0
1568260649 47566 25202 26192 0 18450 16124 0 0 0 0 0
1568272464 47566 25210 26192 0 18450 16124 0 0 0 0 0
1568533068 47976 25210 26192 0 18450 16124 0 0 0 0 0
1568590514 47979 25210 26192 0 18450 16124 0 0 0 0 0
1568592754 48002 25210 26192 0 18450 16124 0 0 0 0 0
1568606517 48002 25210 26192 0 18450 16124 0 0 2 0 0
1568614589 48002 25211 26214 0 18450 16124 0 0 2 0 0
1568615934 48002 25251 26214 0 18450 16124 0 0 2 0 0
1568616393 48002 25251 26214 0 18450 16124 0 0 2 0 0
1568619311 48002 25335 26214 0 18450 16124 0 0 2 0 0
1568620437 48002 25335 26214 0 18450 16155 0 0 2 0 0
1568621360 48002 25335 26442 0 18450 16155 0 0 2 0 0
1568622793 48002 25335 26442 0 18450 16155 0 0 301 0 0
1568623056 48002 25335 26442 0 18450 16155 0 0 301 0 0
1568624574 48002 25335 26468 0 18450 16155 0 0 301 0 0
1568628575 48002 25426 26468 0 18450 16155 0 0 301 0 0
1568628745 48002 25429 26468 0 18450 16155 0 0 301 0 0
1568629849 48002 25429 26468 0 18450 16155 0 0 547 0 0
1568629862 48002 25429 26468 0 18450 16155 0 0 547 0 0
1568629878 48002 25429 26468 0 18450 16155 0 0 547 0 0
1568629883 48002 25429 26468 0 18450 16155 0 0 547 0 0
1568629903 48002 25429 26516 0 18450 16155 0 0 547 0 0
1568632974 48002 25429 26516 0 18450 16234 0 0 547 0 0
1568647979 49505 25429 26516 0 18450 16234 0 0 547 0 0
1568687464 49571 25429 26516 0 18450 16234 0 0 547 0 0
1568690574 49571 25429 26516 0 18450 16234 0 0 549 0 0
1568691771 49571 25429 26573 0 18450 16234 0 0 549 0 0
1568692263 49571 25429 26573 0 18450 16284 0 0 549 0 0
1568692340 49571 25429 26573 0 18450 16284 0 0 570 0 0
1568692345 49571 25429 26573 0 18450 16284 0 0 570 0 0
1568692362 49571 25429 26573 0 18450 16284 0 0 570 0 0
1568692366 49571 25429 26573 0 18450 16284 0 0 570 0 0
1568693967 49571 25429 26573 0 18450 16284 0 0 594 0 0
1568697433 49572 25429 26573 0 18450 16284 0 0 594 0 0
1568700554 49572 25508 26573 0 18450 16284 0 0 594 0 0
1568700756 49572 25516 26573 0 18450 16284 0 0 594 0 0
1568702413 49572 25524 26573 0 18450 16284 0 0 594 0 0
1568705852 49572 25526 26573 0 18450 16284 0 0 594 0 0
1568706323 49572 25534 26573 0 18450 16284 0 0 594 0 0
1568707217 49572 25534 26610 0 18450 16284 0 0 594 0 0
1568708066 49572 25534 26610 0 18450 16388 0 0 594 0 0
1568708649 49572 25534 26610 0 18450 16388 0 0 662 0 0
1568708834 49572 25667 26610 0 18450 16388 0 0 662 0 0
1568708886 49791 25667 26610 0 18450 16388 0 0 662 0 0
1568708913 49791 25667 26610 0 18450 16388 0 0 662 0 0
1568709890 49791 25667 26610 0 18450 16402 0 0 662 0 0
1568716164 49791 25667 26610 0 18450 16477 0 0 662 0 0
1568716716 49791 25827 26610 0 18450 16477 0 0 662 0 0
1568717163 49791 25827 26742 0 18450 16477 0 0 662 0 0
1568734345 50230 25827 26742 0 18450 16477 0 0 662 0 0
1568744112 50568 25827 26742 0 18450 16477 0 0 662 0 0
1568771055 50571 25827 26742 0 18450 16477 0 0 662 0 0
1568772822 50582 25827 26742 0 18450 16477 0 0 662 0 0
1568773126 50582 25827 26742 0 18450 16477 0 0 662 0 0
1568773505 50582 25827 26744 0 18450 16477 0 0 662 0 0
1568773508 50582 25827 26744 0 18450 16477 0 0 662 0 0
1568773578 50582 25827 26744 0 18450 16477 0 0 662 0 0
1568774971 50582 25827 26744 0 18450 16481 0 0 662 0 0
1568777708 50582 25919 26744 0 18450 16481 0 0 662 0 0
1568778167 50582 25919 26744 0 18450 16481 0 0 681 0 0
1568778626 50582 25924 26744 0 18450 16481 0 0 681 0 0
1568786417 50582 25924 26769 0 18450 16481 0 0 681 0 0
1568788944 50582 25924 26940 0 18450 16481 0 0 681 0 0
1568789251 50587 25924 26940 0 18450 16481 0 0 681 0 0
1568794170 50587 25924 26940 0 18450 16591 0 0 681 0 0
1568795600 50587 25924 26945 0 18450 16591 0 0 681 0 0
1568797873 50587 25924 26983 0 18450 16591 0 0 681 0 0
1568801122 50587 25924 27009 0 18450 16591 0 0 681 0 0
1568801305 50587 25924 27009 0 18450 16638 0 0 681 0 0
1568803919 50587 25924 27107 0 18450 16638 0 0 681 0 0
1568804441 50587 25924 27107 0 18450 16691 0 0 681 0 0
1568824932 50700 25924 27107 0 18450 16691 0 0 681 0 0
1568830679 50932 25924 27107 0 18450 16691 0 0 681 0 0
1568834121 51121 25924 27107 0 18450 16691 0 0 681 0 0
1568858659 51159 25924 27107 0 18450 16691 0 0 681 0 0
1568861170 51163 25924 27107 0 18450 16691 0 0 681 0 0
1568861569 51170 25924 27107 0 18450 16691 0 0 681 0 0
1568862385 51193 25924 27107 0 18450 16691 0 0 681 0 0
1568863303 51200 25924 27107 0 18450 16691 0 0 681 0 0
1568863429 51200 26003 27107 0 18450 16691 0 0 681 0 0
1568864180 51200 26003 27107 0 18450 16712 0 0 681 0 0
1568881163 51202 26003 27107 0 18450 16762 0 0 681 0 0
1568881608 51296 26003 27107 0 18450 16762 0 0 681 0 0
1568881611 51296 26083 27107 0 18450 16762 0 0 681 0 0
1568881686 51296 26083 27107 0 18450 16762 0 0 681 0 0
1568881911 51296 26083 27107 0 18450 16762 0 0 681 0 0
1568882111 51296 26083 27107 0 18450 16775 0 0 681 0 0
1568882503 51401 26083 27107 0 18450 16775 0 0 681 0 0
1568883913 51401 26083 27107 0 18450 16781 0 0 681 0 0
1568888818 51401 26083 27178 0 18450 16781 0 0 681 0 0
1568946104 51401 26118 27178 0 18450 16781 0 0 681 0 0
1568946918 51401 26119 27178 0 18450 16781 0 0 681 0 0
1568947318 51401 26122 27178 0 18450 16781 0 0 681 0 0
1568947666 51401 26123 27178 0 18450 16781 0 0 681 0 0
1568948101 51401 26124 27178 0 18450 16781 0 0 681 0 0
1568949261 51401 26125 27178 0 18450 16781 0 0 681 0 0
1568950120 51401 26128 27178 0 18450 16781 0 0 681 0 0
1568955183 51592 26128 27178 0 18450 16781 0 0 681 0 0
1568955612 51592 26160 27178 0 18450 16781 0 0 681 0 0
1568957443 51595 26160 27178 0 18450 16781 0 0 681 0 0
1568963952 51616 26160 27178 0 18450 16781 0 0 681 0 0
1568965498 51622 26160 27178 0 18450 16781 0 0 681 0 0
1568970806 51622 26160 27270 0 18450 16781 0 0 681 0 0
1568970986 51651 26160 27270 0 18450 16781 0 0 681 0 0
1568972669 51651 26160 27373 0 18450 16781 0 0 681 0 0
1569005273 51678 26160 27373 0 18450 16781 0 0 681 0 0
1569207650 51718 26160 27373 0 18450 16781 0 0 681 0 0
1569225045 51724 26160 27373 0 18450 16781 0 0 681 0 0
1569298527 51724 26160 27373 0 18450 16781 0 0 681 0 0
1569307857 51724 26160 27375 0 18450 16781 0 0 681 0 0
1569307972 51724 26160 27377 0 18450 16781 0 0 681 0 0
1569309153 51724 26160 27378 0 18450 16781 0 0 681 0 0
1569309248 51724 26160 27379 0 18450 16781 0 0 681 0 0
1569310277 51724 26160 27380 0 18450 16781 0 0 681 0 0
1569310370 51724 26160 27381 0 18450 16781 0 0 681 0 0
1569311880 51724 26160 27390 0 18450 16781 0 0 681 0 0
1569311938 51724 26160 27399 0 18450 16781 0 0 681 0 0
1569313369 51724 26160 27400 0 18450 16781 0 0 681 0 0
1569313418 51724 26160 27401 0 18450 16781 0 0 681 0 0
1569315442 51724 26170 27401 0 18450 16781 0 0 681 0 0
1569315561 51724 26176 27401 0 18450 16781 0 0 681 0 0
1569315578 51724 26177 27401 0 18450 16781 0 0 681 0 0
1569315687 51724 26177 27401 0 18450 16781 0 0 681 0 0
1569316450 51724 26177 27404 0 18450 16781 0 0 681 0 0
1569317437 51724 26177 27407 0 18450 16781 0 0 681 0 0
1569317717 51724 26177 27407 0 18450 16781 0 0 681 0 0
1569317894 51724 26177 27407 0 18450 16781 0 0 681 0 0
1569319426 51724 26177 27407 0 18450 16833 0 0 681 0 0
1569382905 51724 26177 27407 0 18450 16833 0 0 681 0 0
1569383072 51724 26177 27411 0 18450 16833 0 0 681 0 0
1569383210 51724 26177 27415 0 18450 16833 0 0 681 0 0
1569383840 51724 26177 27420 0 18450 16833 0 0 681 0 0
1569383895 51724 26177 27425 0 18450 16833 0 0 681 0 0
1569384766 51724 26177 27425 0 18450 16833 0 0 704 0 0
1569384823 51724 26177 27425 0 18450 16833 0 0 704 0 0
1569388455 51724 26177 27436 0 18450 16833 0 0 704 0 0
1569388511 51724 26177 27447 0 18450 16833 0 0 704 0 0
1569390102 51724 26177 27447 0 18450 16835 0 0 704 0 0
1569390141 51724 26177 27447 0 18450 16835 0 0 704 0 0
1569392442 51724 26177 27447 0 18450 16837 0 0 704 0 0
1569393381 51724 26177 27447 0 18450 16837 0 0 704 0 0
1569394743 51724 26177 27456 0 18450 16837 0 0 704 0 0
1569394799 51724 26177 27465 0 18450 16837 0 0 704 0 0
1569399814 51724 26177 27476 0 18450 16837 0 0 704 0 0
1569400913 51724 26177 27487 0 18450 16837 0 0 704 0 0
1569403360 51727 26177 27487 0 18450 16837 0 0 704 0 0
1569403744 51727 26177 27487 0 18450 16837 0 0 704 0 0
1569406394 51727 26177 27510 0 18450 16837 0 0 704 0 0
1569406864 51727 26177 27533 0 18450 16837 0 0 704 0 0
1569407141 51727 26177 27538 0 18450 16837 0 0 704 0 0
1569407151 51732 26177 27538 0 18450 16837 0 0 704 0 0
1569407577 51732 26177 27538 0 18450 16837 0 0 704 0 0
1569407649 51732 26177 27542 0 18450 16837 0 0 704 0 0
1569407846 51738 26177 27542 0 18450 16837 0 0 704 0 0
1569407892 51738 26177 27544 0 18450 16837 0 0 704 0 0
1569408092 51738 26177 27556 0 18450 16837 0 0 704 0 0
1569409659 51742 26177 27556 0 18450 16837 0 0 704 0 0
1569409777 51742 26177 27556 0 18450 16837 0 0 704 0 0
1569410057 51747 26177 27556 0 18450 16837 0 0 704 0 0
1569410102 51747 26177 27556 0 18450 16837 0 0 704 0 0
1569411071 51753 26177 27556 0 18450 16837 0 0 704 0 0
1569411114 51753 26177 27556 0 18450 16837 0 0 704 0 0
1569414702 51820 26177 27556 0 18450 16837 0 0 704 0 0
1569414739 51820 26177 27556 0 18450 16837 0 0 704 0 0
1569430518 54253 26177 27556 0 18450 16837 0 0 704 0 0
1569430862 54254 26177 27556 0 18450 16837 0 0 704 0 0
1569433094 54267 26177 27556 0 18450 16837 0 0 704 0 0
1569433121 54267 26177 27556 0 18450 16837 0 0 704 0 0
1569461900 54268 26177 27556 0 18450 16837 0 0 704 0 0
1569462031 54272 26177 27556 0 18450 16837 0 0 704 0 0
1569463295 54272 26177 27556 0 18450 16837 0 0 704 0 0
1569467106 54272 26177 27557 0 18450 16837 0 0 704 0 0
1569467178 54272 26177 27558 0 18450 16837 0 0 704 0 0
1569483471 54272 26177 27558 0 18450 16838 0 0 704 0 0
1569483569 54272 26177 27558 0 18450 16838 0 0 704 0 0
1569485133 54272 26177 27558 0 18450 16839 0 0 704 0 0
1569485208 54272 26177 27558 0 18450 16839 0 0 704 0 0
1569485985 54272 26177 27558 0 18450 16840 0 0 704 0 0
1569486028 54272 26177 27558 0 18450 16840 0 0 704 0 0
1569489669 54834 26177 27558 0 18450 16840 0 0 704 0 0
1569490912 54834 26177 27562 0 18450 16840 0 0 704 0 0
1569491740 54834 26177 27562 0 18450 16840 0 0 704 0 0
1569492179 54834 26177 27562 0 18450 16840 0 0 705 0 0
1569492252 54834 26177 27562 0 18450 16840 0 0 705 0 0
1569492744 54834 26177 27562 0 18450 16840 0 0 706 0 0
1569492787 54834 26177 27562 0 18450 16840 0 0 706 0 0
1569552994 54834 26177 27596 0 18450 16840 0 0 706 0 0
1569553062 54834 26177 27596 0 18450 16840 0 0 706 0 0
1569557443 54834 26177 27596 0 18450 16840 0 0 708 0 0
1569557496 54834 26177 27596 0 18450 16840 0 0 708 0 0
1569557574 54834 26177 27596 0 18450 16871 0 0 708 0 0
1569557635 54834 26177 27596 0 18450 16871 0 0 708 0 0
1569557674 54834 26177 27596 0 18450 16871 0 0 708 0 0
1569566729 54834 26177 27598 0 18450 16871 0 0 708 0 0
1569566933 54834 26177 27600 0 18450 16871 0 0 708 0 0
1569726522 54834 26177 27610 0 18450 16871 0 0 708 0 0
1569726723 54834 26177 27620 0 18450 16871 0 0 708 0 0
1569739675 54834 26177 27624 0 18450 16871 0 0 708 0 0
1569739778 54834 26177 27628 0 18450 16871 0 0 708 0 0
1569744848 54834 26178 27628 0 18450 16871 0 0 708 0 0
1569813457 54834 26181 27628 0 18450 16871 0 0 708 0 0
1569813821 54834 26185 27628 0 18450 16871 0 0 708 0 0
1570514105 54834 26185 27719 0 18450 16871 0 0 708 0 0
1570514219 54834 26185 27720 0 18450 16871 0 0 708 0 0
1570523691 54834 26185 27721 0 18450 16871 0 0 708 0 0
1570523780 54834 26185 27813 0 18450 16871 0 0 708 0 0
1570587132 54846 26185 27813 0 18450 16871 0 0 708 0 0
1570587743 54846 26185 27814 0 18450 16871 0 0 708 0 0
1570587877 54846 26185 27827 0 18450 16871 0 0 708 0 0
1570589421 54846 26185 27827 0 18450 16871 0 0 708 0 0
1570589462 54846 26185 27827 0 18450 16871 0 0 708 0 0
1570598369 54858 26185 27827 0 18450 16871 0 0 708 0 0
1570600801 54858 26185 27827 0 18450 16871 0 0 708 0 0
1570600834 54858 26185 27827 0 18450 16871 0 0 708 0 0
1570602209 54858 26185 27831 0 18450 16871 0 0 708 0 0
1570602265 54858 26185 27835 0 18450 16871 0 0 708 0 0
1570604817 54865 26185 27835 0 18450 16871 0 0 708 0 0
1570605151 54865 26185 27835 0 18450 16871 0 0 708 0 0
1570605167 54865 26185 27835 0 18450 16871 0 0 708 0 0
1570677950 54865 26185 27838 0 18450 16871 0 0 708 0 0
1570678033 54865 26185 27841 0 18450 16871 0 0 708 0 0
1570680452 54865 26185 27894 0 18450 16871 0 0 708 0 0
1570680943 54865 26185 27896 0 18450 16871 0 0 708 0 0
1570681008 54865 26185 27949 0 18450 16871 0 0 708 0 0
1570691230 54865 26193 27949 0 18450 16871 0 0 708 0 0
1570691892 54865 26193 27954 0 18450 16871 0 0 708 0 0
1570692807 54865 26193 27967 0 18450 16871 0 0 708 0 0
1570764496 54867 26193 27967 0 18450 16871 0 0 708 0 0
1570765027 54867 26193 27967 0 18450 16871 0 0 708 0 0
1570767591 54896 26193 27967 0 18450 16871 0 0 708 0 0
1570772945 54910 26193 27967 0 18450 16871 0 0 708 0 0
1570773033 54910 26193 27967 0 18450 16871 0 0 708 0 0
1570774598 54910 26193 27970 0 18450 16871 0 0 708 0 0
1570774674 54910 26193 27973 0 18450 16871 0 0 708 0 0
1570779662 54910 26193 27975 0 18450 16871 0 0 708 0 0
1570779716 54910 26193 27977 0 18450 16871 0 0 708 0 0
1570783407 54910 26193 27988 0 18450 16871 0 0 708 0 0
1570783500 54910 26193 27999 0 18450 16871 0 0 708 0 0
1570793286 54929 26193 27999 0 18450 16871 0 0 708 0 0
1570793556 54929 26193 27999 0 18450 16871 0 0 708 0 0
1570798054 54939 26193 27999 0 18450 16871 0 0 708 0 0
1570798147 54939 26193 27999 0 18450 16871 0 0 708 0 0
1570798614 54940 26193 27999 0 18450 16871 0 0 708 0 0
1570798655 54940 26193 27999 0 18450 16871 0 0 708 0 0
1570799933 54942 26193 27999 0 18450 16871 0 0 708 0 0
1570800102 54942 26193 27999 0 18450 16871 0 0 708 0 0
1570801444 54974 26193 27999 0 18450 16871 0 0 708 0 0
1570801654 54975 26193 27999 0 18450 16871 0 0 708 0 0
1570802024 54976 26193 27999 0 18450 16871 0 0 708 0 0
1570802729 54977 26193 27999 0 18450 16871 0 0 708 0 0
1570802988 54977 26193 27999 0 18450 16871 0 0 708 0 0
1570804247 55017 26193 27999 0 18450 16871 0 0 708 0 0
1570804328 55017 26193 27999 0 18450 16871 0 0 708 0 0
1570804978 55020 26193 27999 0 18450 16871 0 0 708 0 0
1570805114 55020 26193 27999 0 18450 16871 0 0 708 0 0
1570806474 55030 26193 27999 0 18450 16871 0 0 708 0 0
1570807433 55030 26193 27999 0 18450 16871 0 0 708 0 0
1570807435 55030 26193 27999 0 18450 16871 0 0 708 0 0
1570807511 55039 26193 27999 0 18450 16871 0 0 708 0 0
1570807818 55039 26193 27999 0 18450 16871 0 0 708 0 0
1570847163 55039 26193 28002 0 18450 16871 0 0 708 0 0
1570847870 55042 26193 28002 0 18450 16871 0 0 708 0 0
1570848100 55042 26193 28008 0 18450 16871 0 0 708 0 0
1570878304 55043 26193 28008 0 18450 16871 0 0 708 0 0
1570878359 55043 26193 28008 0 18450 16871 0 0 708 0 0
1570883856 55045 26193 28008 0 18450 16871 0 0 708 0 0
1570883911 55045 26193 28008 0 18450 16871 0 0 708 0 0
1570884286 55046 26193 28008 0 18450 16871 0 0 708 0 0
1570884319 55046 26193 28008 0 18450 16871 0 0 708 0 0
1570890577 55049 26193 28008 0 18450 16871 0 0 708 0 0
1570890639 55049 26193 28008 0 18450 16871 0 0 708 0 0
1571019985 55066 26193 28008 0 18450 16871 0 0 708 0 0
1571050493 55102 26193 28008 0 18450 16871 0 0 708 0 0
1571050534 55102 26193 28008 0 18450 16871 0 0 708 0 0
1571197548 55922 26193 28008 0 18450 16871 0 0 708 0 0
1571198444 55922 26193 28008 0 18450 16871 0 0 708 0 0
1571211414 55922 26193 28008 23 18450 16871 0 0 708 0 0
1571220889 55925 26193 28008 23 18450 16871 0 0 708 0 0
1571222452 55925 26193 28008 23 18450 16871 0 0 708 0 0
1571276925 55944 26193 28008 23 18450 16871 0 0 708 0 0
1571277178 55944 26193 28008 23 18450 16871 0 0 708 0 0
1571277722 55945 26193 28008 23 18450 16871 0 0 708 0 0
1571281401 55945 26193 28008 79 18450 16871 0 0 708 0 0
1571282762 56196 26193 28008 79 18450 16871 0 0 708 0 0
1571285323 56229 26193 28008 79 18450 16871 0 0 708 0 0
1571288926 56230 26193 28008 79 18450 16871 0 0 708 0 0
1571293629 56230 26193 28008 587 18450 16871 0 0 708 0 0
1571293637 56230 26193 28008 587 18450 16871 0 0 708 0 0
1571293739 56230 26193 28008 587 18450 16871 0 0 708 0 0
1571293744 56230 26193 28008 587 18450 16871 0 0 708 0 0
1571294656 56230 26193 28008 587 18450 16871 0 0 708 0 0
1571303919 56230 26193 28141 587 18450 16871 0 0 708 0 0
1571304512 56230 26193 28146 587 18450 16871 0 0 708 0 0
1571306221 56230 26193 28158 587 18450 16871 0 0 708 0 0
1571308229 56230 26220 28158 587 18450 16871 0 0 708 0 0
1571369503 56230 26220 28158 587 18450 16871 0 0 708 0 0
1571374642 56230 26220 28175 587 18450 16871 0 0 708 0 0
1571379960 56230 26220 28187 587 18450 16871 0 0 708 0 0
1571385436 56230 26220 28217 587 18450 16871 0 0 708 0 0
1571387435 56234 26220 28232 587 18450 16871 0 0 708 0 0
1571388935 56234 26220 28250 587 18450 16871 0 0 708 0 0
1571389407 56234 26220 28251 587 18450 16871 0 0 708 0 0
1571389662 56234 26220 28252 587 18450 16871 0 0 708 0 0
1571390356 56234 26220 28256 587 18450 16871 0 0 708 0 0
1571391243 56234 26220 28275 587 18450 16871 0 0 708 0 0
1571391548 56234 26220 28276 587 18450 16871 0 0 708 0 0
1571623938 56234 26220 28391 587 18450 16871 0 0 708 0 0
1571624598 56234 26220 28395 587 18450 16871 0 0 708 0 0
1571625122 56234 26220 28406 587 18450 16871 0 0 708 0 0
1571626866 56240 26220 28406 587 18450 16871 0 0 708 0 0
1571627968 56240 26220 28414 587 18450 16871 0 0 708 0 0
1571630776 56240 26220 28425 587 18450 16871 0 0 708 0 0
1571631334 56240 26220 28428 587 18450 16871 0 0 708 0 0
1571643144 56240 26220 28430 587 18450 16871 0 0 708 0 0
1571646121 56240 26220 28456 587 18450 16871 0 0 708 0 0
1571649002 56240 26220 28503 587 18450 16871 0 0 708 0 0
1571649006 56240 26220 28503 589 18450 16871 0 0 708 0 0
1571649033 56240 26220 28503 589 18450 16871 0 0 708 0 0
1571649463 56240 26220 28503 589 18450 16871 0 0 708 0 0
1571649564 56571 26220 28503 589 18450 16871 0 0 708 0 0
1571651392 56627 26220 28503 589 18450 16871 0 0 708 0 0
1571653613 56633 26220 28503 589 18450 16871 0 0 708 0 0
1571711340 56633 26220 28515 589 18450 16871 0 0 708 0 0
1571712935 56705 26220 28515 589 18450 16871 0 0 708 0 0
1571714425 56705 26220 30104 589 18450 16871 0 0 708 0 0
1571715364 56705 26220 30116 589 18450 16871 0 0 708 0 0
1571729150 56705 26344 30242 589 18450 16871 0 0 708 0 0
1571729911 56705 26475 30242 589 18450 16871 0 0 708 0 0
1571737682 56705 26475 30323 589 18450 16871 0 0 708 0 0
1571738264 56705 26475 30361 589 18450 16871 0 0 708 0 0
1571739080 56705 26475 30366 589 18450 16871 0 0 708 0 0
1571739317 56830 26475 30367 589 18450 16871 0 0 708 0 0
1571741301 57045 26475 30367 806 18450 16871 0 0 708 0 0
1571741554 57045 26475 30367 806 18450 16871 0 0 708 0 0
1571741557 57045 26475 30367 806 18450 16871 0 0 708 0 0
1571741560 57045 26475 30367 806 18450 16871 0 0 708 0 0
1571741635 57046 26475 30367 806 18450 16871 0 0 708 0 0
1571796221 57130 26475 30367 806 18450 16871 0 0 708 0 0
1571796889 57130 26475 30368 806 18450 16871 0 0 708 0 0
1571797703 57130 26475 30370 806 18450 16871 0 0 708 0 0
1571798085 57130 26475 30371 806 18450 16871 0 0 708 0 0
1571800667 57130 26475 30371 806 18450 16871 0 0 708 0 0
1571801526 57130 26475 30373 806 18450 16871 0 0 708 0 0
1571803523 57130 26475 30421 806 18450 16871 0 0 708 0 0
1571803931 57130 26475 30421 885 18450 16871 0 0 708 0 0
1571804344 57130 26475 30421 1063 18450 16871 0 0 708 0 0
1571805190 57242 26475 30421 1063 18450 16871 0 0 708 0 0
1571815195 57242 26475 30421 1071 18450 16871 0 0 708 0 0
1571815326 57274 26475 30454 1071 18450 16871 0 0 708 0 0
1571815393 57279 26475 30454 1071 18450 16871 0 0 708 0 0
1571816239 57317 26534 30454 1071 18450 16871 0 0 708 0 0
1571816418 57317 26546 30454 1071 18450 16871 0 0 708 0 0
1571817550 57317 26546 30459 1071 18450 16871 0 0 708 0 0
1571818291 57317 26546 30468 1071 18450 16871 0 0 708 0 0
1571819654 57317 26546 30470 1071 18450 16871 0 0 708 0 0
1571820546 57317 26546 30470 1154 18450 16871 0 0 708 0 0
1571820962 57317 26546 30481 1154 18450 16871 0 0 708 0 0
1571823457 57317 26546 30495 1154 18450 16871 0 0 708 0 0
1571823901 57317 26546 30501 1154 18450 16871 0 0 708 0 0
1571826090 57317 26546 30502 1154 18450 16871 0 0 708 0 0
1571888826 57366 26546 30502 1154 18450 16871 0 0 708 0 0
1571889719 57366 26546 30507 1154 18450 16871 0 0 708 0 0
1571891333 57389 26546 30507 1154 18450 16871 0 0 708 0 0
1571894193 57437 26546 30507 1154 18450 16871 0 0 708 0 0
1571897552 57437 26546 30507 1433 18450 16871 0 0 708 0 0
1571901823 57437 26582 30507 1433 18450 16871 0 0 708 0 0
1571902089 57437 26676 30507 1433 18450 16871 0 0 708 0 0
1571902722 57439 26676 30507 1433 18450 16871 0 0 708 0 0
1571905910 57439 26676 30507 1455 18450 16871 0 0 708 0 0
1571905917 57439 26676 30507 1455 18450 16871 0 0 708 0 0
1571905941 57439 26676 30507 1455 18450 16871 0 0 708 0 0
1571905945 57439 26676 30507 1455 18450 16871 0 0 708 0 0
1571910060 57444 26676 30507 1455 18450 16871 0 0 708 0 0
1571912850 57448 26676 30507 1455 18450 16871 0 0 708 0 0
1571913930 57448 26713 30507 1455 18450 16871 0 0 708 0 0
1571969231 57448 26713 30507 1456 18450 16871 0 0 708 0 0
1571971323 57448 26723 30507 1456 18450 16871 0 0 708 0 0
1571974423 57448 26729 30507 1456 18450 16871 0 0 708 0 0
1571975057 57448 26735 30507 1456 18450 16871 0 0 708 0 0
1571976812 57448 26735 30507 1523 18450 16871 0 0 708 0 0
1571987653 57448 26885 30507 1523 18450 16871 0 0 708 0 0
1571996206 57546 26885 30507 1523 18450 16871 0 0 708 0 0
1571997555 57558 26885 30507 1523 18450 16871 0 0 708 0 0
1571997651 57558 26944 30507 1523 18450 16871 0 0 708 0 0
1572072540 57558 26956 30507 1523 18450 16871 0 0 708 0 0
1572082307 57558 26986 30507 1523 18450 16871 0 0 708 0 0
1572082761 57558 26987 30507 1523 18450 16871 0 0 708 0 0
1572082901 57558 26988 30507 1523 18450 16871 0 0 708 0 0
1572083436 57558 26988 30507 1523 18450 16871 0 0 708 0 0
1572234969 57663 26988 30507 1523 18450 16871 0 0 708 0 0
1572239270 57734 26988 30507 1523 18450 16871 0 0 708 0 0
1572244906 57736 26988 30507 1523 18450 16871 0 0 708 0 0
1572259391 57742 26988 30866 1523 18450 16871 0 0 708 0 0
1572261070 57935 26988 30866 1523 18450 16871 0 0 708 0 0
1572315076 57935 26988 33177 1523 18450 16871 0 0 708 0 0
1572331581 57964 26988 33177 1523 18450 16871 0 0 708 0 0
1572331885 57964 26988 33177 1523 18450 16871 0 0 708 0 0
1572332442 57968 26988 33177 1523 18450 16871 0 0 708 0 0
1572332730 57968 27242 33177 1523 18450 16871 0 0 708 0 0
1572340850 57981 27242 33177 1523 18450 16871 0 0 708 0 0
1572340967 57981 27242 33177 1523 18450 16871 0 0 708 0 0
1572345455 57981 27242 33352 1523 18450 16871 0 0 708 0 0
1572429702 61809 27242 33352 1523 18450 16871 0 0 708 0 0
1572432024 61897 27242 33352 1523 18450 16871 0 0 708 0 0
1572432123 61917 27242 33352 1523 18450 16871 0 0 708 0 0
1572488066 62086 27242 33352 1523 18450 16871 0 0 708 0 0
1572491910 62090 27242 33352 1523 18450 16871 0 0 708 0 0
1572493079 62098 27242 33352 1523 18450 16871 0 0 708 0 0
1572493801 62100 27242 33352 1523 18450 16871 0 0 708 0 0
1572494112 62101 27242 33352 1523 18450 16871 0 0 708 0 0
1572494600 62101 27242 33395 1523 18450 16871 0 0 708 0 0
1572497938 62192 27242 33395 1523 18450 16871 0 0 708 0 0
1572499827 62279 27242 33395 1523 18450 16871 0 0 708 0 0
1572500563 62316 27242 33395 1523 18450 16871 0 0 708 0 0
1572502259 62384 27242 33395 1523 18450 16871 0 0 708 0 0
1572504123 62402 27242 33395 1523 18450 16871 0 0 708 0 0
1572504263 62413 27242 33395 1523 18450 16871 0 0 708 0 0
1572504313 62413 27242 33401 1523 18450 16871 0 0 708 0 0
1572505259 62418 27242 33402 1523 18450 16871 0 0 708 0 0
1572509514 62429 27258 33402 1523 18450 16871 0 0 708 0 0
1572511201 62429 27265 33402 1523 18450 16871 0 0 708 0 0
1572515766 62500 27265 33402 1523 18450 16871 0 0 708 0 0
1572516535 62639 27265 33402 1523 18450 16871 0 0 708 0 0
1572574857 62670 27265 33402 1523 18450 16871 0 0 708 0 0
1572576637 62697 27265 33402 1523 18450 16871 0 0 708 0 0
1572589527 62736 27265 33402 1523 18450 16871 0 0 708 0 0
1572834731 62737 27265 33402 1523 18450 16871 0 0 708 0 0
1572835026 62738 27265 33402 1523 18450 16871 0 0 708 0 0
1572836794 62750 27265 33402 1523 18450 16871 0 0 708 0 0
1572838571 62849 27265 33402 1523 18450 16871 0 0 708 0 0
1572839446 62851 27265 33402 1523 18450 16871 0 0 708 0 0
1572850311 62851 27265 33403 1523 18450 16871 0 0 708 0 0
1572852756 62851 27265 33407 1523 18450 16871 0 0 708 0 0
1572926347 62883 27265 33407 1523 18450 16871 0 0 708 0 0
1572926514 62887 27265 33407 1523 18450 16871 0 0 708 0 0
1572927440 62898 27265 33407 1523 18450 16871 0 0 708 0 0
1572927483 62899 27265 33407 1523 18450 16871 0 0 708 0 0
1572928038 62899 27266 33407 1523 18450 16871 0 0 708 0 0
1572934386 63029 27266 33407 1523 18450 16871 0 0 708 0 0
1572936049 63029 27310 33407 1523 18450 16871 0 0 708 0 0
1572937887 63069 27317 33407 1523 18450 16871 0 0 708 0 0
1572940160 63174 27317 33407 1523 18450 16871 0 0 708 0 0
1572942923 63186 27317 33407 1523 18450 16871 0 0 708 0 0
1572951300 63230 27317 33407 1523 18450 16871 0 0 708 0 0
1572951603 63232 27317 33407 1523 18450 16871 0 0 708 0 0
1572953474 63245 27317 33407 1523 18450 16871 0 0 708 0 0
1572953667 63246 27317 33407 1523 18450 16871 0 0 708 0 0
1572954331 63249 27317 33407 1523 18450 16871 0 0 708 0 0
1572956825 63256 27317 33407 1523 18450 16871 0 0 708 0 0
1573006301 63267 27317 33407 1523 18450 16871 0 0 708 0 0
1573007746 63267 27317 33407 1549 18450 16871 0 0 708 0 0
1573008704 63272 27317 33407 1549 18450 16871 0 0 708 0 0
1573010092 63272 27317 33407 1570 18450 16871 0 0 708 0 0
1573011044 63272 27317 33407 1571 18450 16871 0 0 708 0 0
1573011714 63297 27317 33407 1571 18450 16871 0 0 708 0 0
1573012661 63300 27317 33407 1571 18450 16871 0 0 708 0 0
1573018035 63302 27317 33407 1571 18450 16871 0 0 708 0 0
1573018391 63303 27317 33407 1571 18450 16871 0 0 708 0 0
1573021148 63305 27317 33407 1571 18450 16871 0 0 708 0 0
1573028206 63305 27317 33412 1571 18450 16871 0 0 708 0 0
1573028456 63305 27317 33412 1674 18450 16871 0 0 708 0 0
1573029178 63305 27317 33423 1674 18450 16871 0 0 708 0 0
1573030353 63387 27317 33424 1674 18450 16871 0 0 708 0 0
1573030640 63395 27317 33424 1674 18450 16871 0 0 708 0 0
1573030854 63395 27317 33424 1676 18450 16871 0 0 708 0 0
1573035751 63396 27317 33424 1676 18450 16871 0 0 708 0 0
1573108456 63396 27317 33454 1676 18450 16871 0 0 708 0 0
1573115435 63396 27317 33504 1676 18450 16871 0 0 708 0 0
1573116739 63446 27317 33504 1676 18450 16871 0 0 708 0 0
1573118836 63446 27317 33507 1676 18450 16871 0 0 708 0 0
1573118953 63451 27317 33507 1676 18450 16871 0 0 708 0 0
1573122782 63453 27317 33507 1676 18450 16871 0 0 708 0 0
1573122992 63455 27317 33507 1676 18450 16871 0 0 708 0 0
1573135647 63461 27317 33507 1676 18450 16871 0 0 708 0 0
1573139455 63462 27317 33507 1676 18450 16871 0 0 708 0 0
1573181210 63494 27317 33507 1676 18450 16871 0 0 708 0 0
1573198613 63494 27317 33706 1676 18450 16871 0 0 708 0 0
1573200142 63494 27317 33710 1676 18450 16871 0 0 708 0 0
1573201894 63494 27317 33711 1676 18450 16871 0 0 708 0 0
1573203934 63494 27317 33725 1676 18450 16871 0 0 708 0 0
1573437950 63495 27317 33725 1676 18450 16871 0 0 708 0 0
1573451584 63496 27317 33725 1676 18450 16871 0 0 708 0 0
1573456881 65191 28339 38399 2610 18450 16871 0 0 708 0 0
1573457534 70985 28339 38399 2610 18450 16871 0 0 708 0 0
1573458702 70985 28339 38402 2610 18450 16871 0 0 708 0 0
1573458806 70985 28339 38405 2610 18450 16871 0 0 708 0 0
1573460630 70985 28339 38407 2610 18450 16871 0 0 708 0 0
1573460772 70985 28339 38409 2610 18450 16871 0 0 708 0 0
1573461474 70986 28339 38409 2610 18450 16871 0 0 708 0 0
1573463250 70991 28339 38409 2610 18450 16871 0 0 708 0 0
1573467208 70991 28339 38413 2610 18450 16871 0 0 708 0 0
1573469781 70991 28339 38423 2610 18450 16871 0 0 708 0 0
1573470130 70997 28339 38423 2610 18450 16871 0 0 708 0 0
1573470429 70997 28339 38423 2610 18450 16871 0 0 708 0 0
1573471320 71005 28339 38423 2610 18450 16871 0 0 708 0 0
1573473107 71007 28339 38423 2610 18450 16871 0 0 708 0 0
1573473331 71023 28339 38423 2610 18450 16871 0 0 708 0 0
1573525140 71025 28339 38423 2610 18450 16871 0 0 708 0 0
1573525484 71025 28339 38423 2610 18450 16871 0 0 708 0 0
1573526734 71060 28339 38423 2610 18450 16871 0 0 708 0 0
1573528803 71205 28339 38423 2610 18450 16871 0 0 708 0 0
1573529283 71236 28339 38423 2610 18450 16871 0 0 708 0 0
1573529574 71419 28339 38423 2610 18450 16871 0 0 708 0 0
1573530982 71419 28339 38499 2610 18450 16871 0 0 708 0 0
1573531500 71419 28339 38575 2610 18450 16871 0 0 708 0 0
1573533418 71424 28339 38575 2610 18450 16871 0 0 708 0 0
1573533791 71424 28339 38575 2610 18450 16871 0 0 708 0 0
1573534961 71424 28339 38576 2610 18450 16871 0 0 708 0 0
1573538463 71424 28339 38586 2610 18450 16871 0 0 708 0 0
1573538738 71424 28339 38597 2610 18450 16871 0 0 708 0 0
1573540921 71440 28339 38597 2610 18450 16871 0 0 708 0 0
1573541618 71452 28339 38597 2610 18450 16871 0 0 708 0 0
1573542221 71460 28339 38597 2610 18450 16871 0 0 708 0 0
1573542250 71461 28339 38597 2610 18450 16871 0 0 708 0 0
1573542859 71470 28339 38597 2610 18450 16871 0 0 708 0 0
1573543001 71470 28339 38597 2610 18450 16871 0 0 708 0 0
1573543297 71470 28339 38597 2610 18450 16871 0 0 708 0 0
1573544763 71523 28339 38597 2610 18450 16871 0 0 708 0 0
1573545094 71530 28339 38597 2610 18450 16871 0 0 708 0 0
1573546369 71530 28339 38612 2610 18450 16871 0 0 708 0 0
1573548166 71530 28339 38612 2610 18450 16871 0 0 708 0 0
1573550251 71568 28339 38612 2610 18450 16871 0 0 708 0 0
1573551023 71568 28339 38612 2703 18450 16871 0 0 708 0 0
1573551636 71622 28339 38612 2703 18450 16871 0 0 708 0 0
1573551694 71622 28339 38612 2703 18450 16871 0 0 708 0 0
1573555551 71630 28339 38612 2703 18450 16871 0 0 708 0 0
1573555613 71630 28339 38612 2708 18450 16871 0 0 708 0 0
1573555623 71630 28339 38612 2708 18450 16871 0 0 708 0 0
1573556034 71630 28339 38612 2708 18450 16871 0 0 708 0 0
1573557968 71630 28339 38612 2708 18450 16871 0 0 708 0 0
1573558282 71635 28339 38612 2708 18450 16871 0 0 708 0 0
1573562006 71676 28339 38612 2708 18450 16871 0 0 708 0 0
1573562482 71683 28339 38612 2708 18450 16871 0 0 708 0 0
1573612488 71683 28339 38612 2715 18450 16871 0 0 708 0 0
1573612597 71683 28339 38612 2715 18450 16871 0 0 708 0 0
1573615421 71683 28339 38695 2715 18450 16871 0 0 708 0 0
1573615594 71683 28339 38778 2715 18450 16871 0 0 708 0 0
1573616163 71683 28339 38794 2715 18450 16871 0 0 708 0 0
1573616906 71683 28339 38795 2715 18450 16871 0 0 708 0 0
1573616969 71784 28339 38795 2715 18450 16871 0 0 708 0 0
1573617027 71784 28339 38812 2715 18450 16871 0 0 708 0 0
1573625403 71900 28339 38812 2715 18450 16871 0 0 708 0 0
1573631051 71900 28339 38812 2742 18450 16871 0 0 708 0 0
1573631087 71900 28339 38812 2742 18450 16871 0 0 708 0 0
1573631330 71900 28339 38823 2742 18450 16871 0 0 708 0 0
1573631395 71900 28339 38834 2742 18450 16871 0 0 708 0 0
1573631641 71919 28339 38834 2742 18450 16871 0 0 708 0 0
1573632432 71919 28339 38834 2750 18450 16871 0 0 708 0 0
1573632453 71919 28339 38834 2750 18450 16871 0 0 708 0 0
1573632474 71919 28339 38834 2750 18450 16871 0 0 708 0 0
1573632476 71919 28339 38834 2750 18450 16871 0 0 708 0 0
1573632508 71919 28339 38834 2750 18450 16871 0 0 708 0 0
1573632603 71923 28339 38834 2750 18450 16871 0 0 708 0 0
1573633450 71926 28339 38834 2750 18450 16871 0 0 708 0 0
1573633469 71926 28339 38834 2752 18450 16871 0 0 708 0 0
1573633492 71926 28339 38834 2752 18450 16871 0 0 708 0 0
1573633520 71926 28339 38834 2752 18450 16871 0 0 708 0 0
1573633825 71926 28339 38834 2752 18450 16871 0 0 708 0 0
1573633864 71926 28339 38834 2752 18450 16871 0 0 708 0 0
1573633967 71926 28339 38834 2752 18450 16871 0 0 708 0 0
1573634096 71927 28339 38834 2752 18450 16871 0 0 708 0 0
1573634162 71927 28339 38834 2752 18450 16871 0 0 708 0 0
1573634493 71927 28339 38834 2753 18450 16871 0 0 708 0 0
1573634539 71927 28339 38834 2753 18450 16871 0 0 708 0 0
1573634609 71929 28339 38834 2753 18450 16871 0 0 708 0 0
1573634659 71929 28339 38834 2753 18450 16871 0 0 708 0 0
1573634795 71929 28339 38840 2753 18450 16871 0 0 708 0 0
1573634898 71929 28339 38846 2753 18450 16871 0 0 708 0 0
1573635698 71930 28339 38846 2753 18450 16871 0 0 708 0 0
1573635819 71930 28339 38846 2754 18450 16871 0 0 708 0 0
1573635863 71930 28339 38846 2754 18450 16871 0 0 708 0 0
1573637677 71938 28339 38846 2754 18450 16871 0 0 708 0 0
1573641486 71938 28339 38846 2756 18450 16871 0 0 708 0 0
1573641530 71941 28339 38846 2756 18450 16871 0 0 708 0 0
1573641943 71965 28339 38846 2756 18450 16871 0 0 708 0 0
1573648168 72005 28339 38846 2756 18450 16871 0 0 708 0 0
1573651019 72016 28339 38846 2756 18450 16871 0 0 708 0 0
1573652009 72019 28339 38846 2756 18450 16871 0 0 708 0 0
1573652493 72019 28339 38846 2756 18450 16871 0 0 708 0 0
1573652510 72019 28339 38846 2756 18450 16871 0 0 708 0 0
1573698209 72019 28354 38846 2756 18450 16871 0 0 708 0 0
1573699226 72019 28354 38846 2766 18450 16871 0 0 708 0 0
1573699233 72019 28354 38846 2766 18450 16871 0 0 708 0 0
1573699255 72019 28354 38846 2766 18450 16871 0 0 708 0 0
1573699260 72019 28354 38846 2766 18450 16871 0 0 708 0 0
1573700482 72019 28354 38846 2767 18450 16871 0 0 708 0 0
1573701251 72019 28354 38846 2769 18450 16871 0 0 708 0 0
1573701565 72027 28354 38846 2770 18450 16871 0 0 708 0 0
1573710473 72074 28354 38846 2770 18450 16871 0 0 708 0 0
1573710592 72074 28354 38846 2770 18450 16871 0 0 708 0 0
1573714528 72074 28354 38846 2771 18450 16871 0 0 708 0 0
1573714540 72074 28354 38846 2771 18450 16871 0 0 708 0 0
1573714553 72074 28354 38846 2771 18450 16871 0 0 708 0 0
1573714557 72074 28354 38846 2771 18450 16871 0 0 708 0 0
1573716558 72097 28354 38846 2771 18450 16871 0 0 708 0 0
1573717236 72097 28354 38846 2774 18450 16871 0 0 708 0 0
1573717271 72097 28354 38846 2774 18450 16871 0 0 708 0 0
1573718824 72098 28354 38846 2774 18450 16871 0 0 708 0 0
1573718951 72098 28354 38846 2774 18450 16871 0 0 708 0 0
1573719069 72099 28354 38846 2774 18450 16871 0 0 708 0 0
1573720578 72105 28354 38846 2774 18450 16871 0 0 708 0 0
1573720905 72106 28354 38846 2774 18450 16871 0 0 708 0 0
1573720949 72106 28354 38846 2774 18450 16871 0 0 708 0 0
1573723097 72107 28354 38846 2774 18450 16871 0 0 708 0 0
1573723611 72116 28354 38846 2774 18450 16871 0 0 708 0 0
1573723671 72116 28354 38846 2774 18450 16871 0 0 708 0 0
1573724195 72117 28354 38846 2774 18450 16871 0 0 708 0 0
1573725017 72117 28354 38846 2774 18450 16871 0 0 708 0 0
1573725069 72117 28354 38846 2774 18450 16871 0 0 708 0 0
1573725955 72117 28354 38846 2842 18450 16871 0 0 708 0 0
1573725999 72117 28354 38846 2842 18450 16871 0 0 708 0 0
1573727905 72117 28354 38846 2844 18450 16871 0 0 708 0 0
1573727938 72117 28354 38846 2844 18450 16871 0 0 708 0 0
1573728485 72142 28354 38846 2844 18450 16871 0 0 708 0 0
1573728524 72142 28354 38846 2844 18450 16871 0 0 708 0 0
1573728542 72142 28354 38846 2844 18450 16871 0 0 708 0 0
1573729563 72142 28354 38846 2847 18450 16871 0 0 708 0 0
1573729605 72142 28354 38846 2847 18450 16871 0 0 708 0 0
1573730773 72142 28354 38846 2853 18450 16871 0 0 708 0 0
1573730849 72167 28354 38846 2853 18450 16871 0 0 708 0 0
1573730920 72168 28354 38846 2853 18450 16871 0 0 708 0 0
1573730965 72168 28354 38846 2853 18450 16871 0 0 708 0 0
1573730987 72168 28354 38846 2853 18450 16871 0 0 708 0 0
1573787445 72168 28354 38846 2854 18450 16871 0 0 708 0 0
1573787923 72168 28354 38846 2854 18450 16871 0 0 708 0 0
1573788706 72171 28354 38846 2854 18450 16871 0 0 708 0 0
1573788834 72171 28354 38846 2854 18450 16871 0 0 708 0 0
1573788881 72171 28354 38846 2854 18450 16871 0 0 708 0 0
1573799496 72171 28354 38846 2858 18450 16871 0 0 708 0 0
1573799541 72171 28354 38846 2858 18450 16871 0 0 708 0 0
1573801652 72179 28354 38846 2858 18450 16871 0 0 708 0 0
1573802861 72179 28354 38846 2858 18450 16871 0 0 708 0 0
1573808301 72195 28354 38846 2858 18450 16871 0 0 708 0 0
1574043043 72195 28354 38846 2858 18450 16871 0 0 708 0 0
1574057998 72195 28354 38846 2859 18450 16871 0 0 708 0 0
1574061987 72195 28354 38846 2859 18450 16871 0 0 708 0 0
1574066347 72195 28354 38846 2865 18450 16871 0 0 708 0 0
1574072288 72199 28354 38846 2865 18450 16871 0 0 708 0 0
1574132491 72201 28354 38846 2865 18450 16871 0 0 708 0 0
1574136002 72213 28354 38846 2865 18450 16871 0 0 708 0 0
1574147590 72214 28354 38846 2865 18450 16871 0 0 708 0 0
1574148911 72252 28354 38846 2865 18450 16871 0 0 708 0 0
1574150534 72254 28354 38846 2865 18450 16871 0 0 708 0 0
1574151274 72295 28354 38846 2865 18450 16871 0 0 708 0 0
1574152239 72298 28354 38846 2865 18450 16871 0 0 708 0 0
1574154797 72299 28354 38846 2865 18450 16871 0 0 708 0 0
1574156196 72300 28354 38846 2865 18450 16871 0 0 708 0 0
1574159776 72300 28354 38846 2868 18450 16871 0 0 708 0 0
1574162719 72351 28354 38846 2868 18450 16871 0 0 708 0 0
1574171628 72356 28354 38846 2868 18450 16871 0 0 708 0 0
1574173410 72360 28354 38846 2868 18450 16871 0 0 708 0 0
1574173996 72369 28354 38846 2868 18450 16871 0 0 708 0 0
1574178150 72374 28354 38846 2868 18450 16871 0 0 708 0 0
1574179020 72374 28358 38846 2868 18450 16871 0 0 708 0 0
1574182767 72378 28358 38846 2868 18450 16871 0 0 708 0 0
1574215226 72379 28358 38846 2868 18450 16871 0 0 708 0 0
1574231661 72472 28358 38846 2868 18450 16871 0 0 708 0 0
1574233143 72474 28358 38846 2868 18450 16871 0 0 708 0 0
1574238426 72518 28358 38846 2868 18450 16871 0 0 708 0 0
1574239127 72536 28358 38846 2868 18450 16871 0 0 708 0 0
1574239407 72537 28358 38846 2868 18450 16871 0 0 708 0 0
1574239846 72558 28358 38846 2868 18450 16871 0 0 708 0 0
1574240322 72612 28358 38846 2868 18450 16871 0 0 708 0 0
1574240400 72615 28358 38846 2868 18450 16871 0 0 708 0 0
1574248765 72687 28358 38846 2868 18450 16871 0 0 708 0 0
1574260185 72844 28358 38846 2868 18450 16871 0 0 708 0 0
1574265522 72844 28358 38846 2868 18450 16871 0 0 708 0 0
1574269382 72903 28358 38846 2868 18450 16871 0 0 708 0 0
1574270739 72910 28358 38846 2868 18450 16871 0 0 708 0 0
1574272345 72915 28358 38846 2868 18450 16871 0 0 708 0 0
1574273234 72918 28358 38846 2868 18450 16871 0 0 708 0 0
1574273537 72919 28358 38846 2868 18450 16871 0 0 708 0 0
1574321417 73092 28358 38846 2868 18450 16871 0 0 708 0 0
1574328322 73101 28358 38846 2868 18450 16871 0 0 708 0 0
1574328964 73108 28358 38846 2868 18450 16871 0 0 708 0 0
1574329463 73109 28358 38846 2868 18450 16871 0 0 708 0 0
1574335224 73150 28358 38846 2868 18450 16871 0 0 708 0 0
1574344768 73157 28358 38846 2868 18450 16871 0 0 708 0 0
1574347492 73162 28358 38846 2868 18450 16871 0 0 708 0 0
1574349991 73171 28358 38846 2868 18450 16871 0 0 708 0 0
1574388581 73177 28358 38846 2868 18450 16871 0 0 708 0 0
1574405135 73283 28358 38846 2868 18450 16871 0 0 708 0 0
1574412514 73283 28358 38846 2916 18450 16871 0 0 708 0 0
1574415112 73283 28358 38846 2917 18450 16871 0 0 708 0 0
1574416251 73283 28358 38846 2920 18450 16871 0 0 708 0 0
1574652081 73298 28358 38846 2920 18450 16871 0 0 708 0 0
1574664953 73298 28358 38846 2943 18450 16871 0 0 708 0 0
1574669219 73307 28358 38846 2943 18450 16871 0 0 708 0 0
1574673939 73307 28358 38846 3012 18450 16871 0 0 708 0 0
1574675385 73307 28358 38846 3019 18450 16871 0 0 708 0 0
1574679700 73316 28358 38846 3019 18450 16871 0 0 708 0 0
1574680440 73316 28358 38846 3019 18450 16871 0 0 708 0 0
1574737812 73316 28358 38846 3034 18450 16871 0 0 708 0 0
1574740426 73316 28358 38846 3064 18450 16871 0 0 708 0 0
1574765367 73316 28358 38846 3130 18450 16871 0 0 708 0 0
1574826657 73316 28358 38846 3147 18450 16871 0 0 708 0 0
1574843689 73316 28358 38846 3245 18450 16871 0 0 708 0 0
1574910367 73316 28358 38846 3342 18450 16871 0 0 708 0 0
1574912224 73316 28358 38846 3420 18450 16871 0 0 708 0 0
1574926288 73316 28358 38846 3432 18450 16871 0 0 708 0 0
1574936037 73316 28358 39202 3432 18450 16871 0 0 708 0 0
1574936665 73316 28358 39203 3432 18450 16871 0 0 708 0 0
1574995516 73317 28358 39203 3432 18450 16871 0 0 708 0 0
1574997344 73324 28358 39203 3432 18450 16871 0 0 708 0 0
1575253693 73336 28358 39203 3432 18450 16871 0 0 708 0 0
1575256210 73356 28358 39203 3432 18450 16871 0 0 708 0 0
1575257769 73357 28358 39203 3432 18450 16871 0 0 708 0 0
1575259082 73367 28358 39203 3432 18450 16871 0 0 708 0 0
1575259607 73371 28358 39203 3432 18450 16871 0 0 708 0 0
1575269470 73371 28358 39203 3439 18450 16871 0 0 708 0 0
1575271806 73373 28358 39203 3439 18450 16871 0 0 708 0 0
1575340633 73373 28358 39203 3456 18450 16871 0 0 708 0 0
1575356570 73373 28358 39209 3456 18450 16871 0 0 708 0 0
1575356707 73373 28358 39210 3456 18450 16871 0 0 708 0 0
1575362695 73373 28358 39210 3464 18450 16871 0 0 708 0 0
1575429625 73392 28358 39210 3464 18450 16871 0 0 708 0 0
1575450851 73392 28358 39313 3464 18450 16871 0 0 708 0 0
1575974121 73392 28358 39399 3464 18450 16871 0 0 708 0 0
1576032144 73392 28360 39399 3464 18450 16871 0 0 708 0 0
1576041270 73406 28360 39399 3464 18450 16871 0 0 708 0 0
1576044847 73407 28360 39399 3464 18450 16871 0 0 708 0 0
1576047654 73407 28360 39425 3464 18450 16871 0 0 708 0 0
1576047926 73407 28360 39427 3464 18450 16871 0 0 708 0 0
1576053238 73407 28360 39436 3464 18450 16871 0 0 708 0 0
1576053352 73407 28360 39436 3465 18450 16871 0 0 708 0 0
1576053465 73410 28360 39436 3465 18450 16871 0 0 708 0 0
1576056317 73410 28363 39436 3465 18450 16871 0 0 708 0 0
1576059555 73410 28364 39436 3465 18450 16871 0 0 708 0 0
1576060812 73481 28364 39455 3465 18450 16871 0 0 708 0 0
1576072896 73576 28364 39455 3465 18450 16871 0 0 708 0 0
1576118237 73579 28364 39455 3465 18450 16871 0 0 708 0 0
1576118276 73582 28364 39455 3465 18450 16871 0 0 708 0 0
1576135378 73585 28364 39455 3465 18450 16871 0 0 708 0 0
1576137964 73600 28364 39455 3465 18450 16871 0 0 708 0 0
1576141767 73600 28364 39468 3465 18450 16871 0 0 708 0 0
1576144043 73639 28364 39468 3465 18450 16871 0 0 708 0 0
1576203476 73639 28364 39477 3465 18450 16871 0 0 708 0 0
1576207419 73653 28364 39477 3465 18450 16871 0 0 708 0 0
1576208050 73674 28364 39477 3465 18450 16871 0 0 708 0 0
1576208093 73674 28364 39477 3484 18450 16871 0 0 708 0 0
1576208108 73674 28364 39477 3484 18450 16871 0 0 708 0 0
1576208142 73674 28364 39477 3484 18450 16871 0 0 708 0 0
1576208146 73674 28364 39477 3484 18450 16871 0 0 708 0 0
1576208832 73770 28364 39477 3484 18450 16871 0 0 708 0 0
1576208858 73770 28364 39477 3484 18450 16871 0 0 708 0 0
1576209954 73782 28364 39477 3484 18450 16871 0 0 708 0 0
1576219568 73784 28364 39477 3484 18450 16871 0 0 708 0 0
1576219884 73788 28364 39477 3484 18450 16871 0 0 708 0 0
1576220007 73791 28364 39477 3484 18450 16871 0 0 708 0 0
1576227604 73942 28364 39477 3484 18450 16871 0 0 708 0 0
1576231073 73942 28364 39479 3484 18450 16871 0 0 708 0 0
1576233240 74065 28364 39479 3484 18450 16871 0 0 708 0 0
1576233432 74081 28364 39479 3484 18450 16871 0 0 708 0 0
1576463193 74363 28364 39479 3484 18450 16871 0 0 708 0 0
1576465014 74363 28364 39479 3496 18450 16871 0 0 708 0 0
1576467174 74363 28364 39479 3592 18450 16871 0 0 708 0 0
1576470159 74558 28364 39479 3592 18450 16871 0 0 708 0 0
1576470241 74564 28364 39479 3592 18450 16871 0 0 708 0 0
1576472217 74565 28364 39479 3592 18450 16871 0 0 708 0 0
1576475972 74574 28364 39479 3592 18450 16871 0 0 708 0 0
1576479528 74575 28364 39479 3592 18450 16871 0 0 708 0 0
