1562563850 0
1562648375 1178
1562658520 1178
1562658623 1178
1562658627 1178
1562725567 1178
1562726692 1176
1562863047 9281
1562863243 9286
1562904439 9400
1562904518 9402
1562905411 9293
1562905712 9296
1562911043 9558
1562912821 9593
1562913107 9561
1562914264 9641
1562914714 10088
1562914833 10141
1562915011 10142
1562915526 10141
1562917996 10141
1562924293 10157
1562926629 10342
1562926634 10342
1562926687 10424
1562926690 10424
1563006221 10524
1563149027 10764
1563149871 10766
1563159292 10766
1563159308 10766
1563161885 10771
1563161888 10771
1563162049 10771
1563162057 10771
1563162539 10772
1563162542 10772
1563171940 10772
1563172407 10781
1563174002 10783
1563175811 10953
1563178480 10953
1563182524 11226
1563185912 11269
1563186648 11420
1563186790 11419
1563243207 11421
1563244167 11422
1563244775 11421
1563258520 11433
1563265379 12300
1563329984 12315
1563331195 12320
1563334457 14462
1563335159 14765
1563344497 14675
1563345314 14684
1563348222 14683
1563351695 14802
1563351700 14802
1563353662 14778
1563355145 14814
1563355591 14812
1563358756 14800
1563418628 14801
1563419052 14805
1563420108 14805
1563420113 14805
1563421873 14805
1563440457 14727
1563528750 14851
1563528931 14855
1563531084 14853
1563531832 14853
1563532088 15293
1563532515 15636
1563532553 15517
1563533016 15557
1563540113 15637
1563540397 15335
1563541387 15154
1563647532 19031
1563648748 19078
1563763398 19096
1563763991 19094
1563769758 19099
1563784075 19097
1563847894 19104
1563848759 19104
1563849126 19106
1563855956 19050
1563858601 19051
1563859042 19051
1563861423 19736
1563872009 19745
1563875201 19745
1564023548 19788
1564040896 19812
1564040922 25899
1564113278 25904
1564114349 25903
1564136528 25903
1564366740 25903
1564369168 25917
1564370101 25946
1564391120 25902
1564392634 25896
1564456248 27591
1564460329 29776
1564469290 29776
1564471292 29869
1564475349 29904
1564480469 31722
1564483185 31876
1564484073 31915
1564484077 31915
1564485560 31902
1564543839 31913
1564544320 33453
1564554238 33519
1564555262 33819
1564558413 33877
1564560906 34017
1564564500 34196
1564566623 34195
1564570344 34230
1564571349 34253
1564571660 34254
1564571788 34252
1564573699 34517
1564626483 34767
1564626515 34798
1564627169 34798
1564627641 34810
1564631000 34810
1564631288 34843
1564632538 34843
1564633114 34920
1564633119 34920
1564633192 34929
1564633426 38279
1564633431 38279
1564635877 38322
1564636159 38324
1564636255 38322
1564636320 38334
1564637158 38335
1564638424 38336
1564639416 38336
1564639637 38346
1564639950 38346
1564640064 38351
1564641935 38351
1564644214 38402
1564645322 38406
1564645647 38404
1564649629 38417
1564652133 38910
1564652143 38910
1564653463 38953
1564653779 40138
1564653970 40242
1564653980 40645
1564654178 40630
1564654686 40652
1564656909 40651
1564657080 40720
1564677349 40803
1564677844 40820
1564712383 43232
1564713675 43246
1564713734 43244
1564713737 43244
1564715618 43586
1564715809 43636
1564716715 43681
1564716781 43681
1564717258 44088
1564717263 44088
1564717295 44154
1564717456 44154
1564738147 48294
1564738250 48576
1564738265 48764
1564738482 48630
1564740508 48670
1564740513 48670
1564741458 48772
1564744044 48810
1564745404 50661
1564751126 50662
1564759281 50713
1564759678 50715
1564759875 50715
1564760325 50717
1564761051 50746
1564763460 50748
1564765768 50755
1564925143 48957
1564925218 48957
1564932205 48964
1564976905 49038
1564977019 50901
1564979431 51067
1564980366 51134
1564986265 51223
1564989636 51220
1564989912 51249
1564991411 51260
1564993854 51260
1564993856 51260
1564994136 52669
1564995705 52673
1564995886 52673
1564996167 52730
1564996321 52734
1565000412 52748
1565001349 52790
1565001353 52790
1565002231 52794
1565003377 52925
1565056963 52921
1565057546 52948
1565058821 52960
1565060192 52993
1565060647 52994
1565062029 53075
1565062498 53081
1565064636 53090
1565064640 53090
1565065741 53172
1565065862 53172
1565065914 53176
1565065919 53176
1565068360 53237
1565068713 53239
1565071619 53233
1565072056 53326
1565072771 55016
1565072930 55015
1565073397 55018
1565074769 55028
1565074832 55029
1565075182 55100
1565075877 55099
1565076422 55098
1565076497 55367
1565076753 55128
1565079908 55204
1565082335 58954
1565082508 58956
1565082977 58962
1565085514 58978
1565087024 58978
1565088541 58978
1565101344 58978
1565102089 58978
1565108400 58991
1565144697 60557
1565145012 60588
1565145223 60598
1565146554 60601
1565149213 60625
1565157241 60681
1565158279 60686
1565158674 60686
1565159159 60686
1565160888 60695
1565161178 60695
1565161323 60696
1565161794 60698
1565162019 60780
1565163611 60701
1565165050 60701
1565166578 60779
1565168010 60786
1565168316 60819
1565168475 62747
1565168699 64289
1565169522 64333
1565169527 64333
1565169728 64381
1565170310 64496
1565170440 64396
1565170748 64396
1565171077 64397
1565171736 64420
1565172674 64483
1565172755 64486
1565172812 64523
1565173322 64494
1565174815 64573
1565197097 64584
1565199584 64616
1565201012 64627
1565201108 64627
1565201166 64625
1565233069 64683
1565236068 64688
1565237326 64888
1565243569 64941
1565247534 64952
1565247813 67033
1565248935 67031
1565249471 67036
1565249522 67153
1565252677 67032
1565253643 67044
1565254708 67046
1565254714 67046
1565255115 67046
1565256577 67163
1565257022 67156
1565257368 67164
1565257436 67167
1565257897 67176
1565258250 67176
1565258542 67181
1565258851 67181
1565259669 67318
1565259673 67318
1565260802 67394
1565261368 67417
1565319186 67416
1565319193 67431
1565319486 67431
1565319487 67431
1565319565 67431
1565321353 67434
1565321543 67443
1565321924 67481
1565321981 67481
1565322655 67481
1565323061 67481
1565323656 67486
1565327808 67486
1565333768 67488
1565333803 67513
1565334156 67531
1565335470 67534
1565335476 67534
1565336339 67531
1565336342 67531
1565336471 69382
1565338548 69383
1565339525 69382
1565340228 69382
1565341783 69392
1565342846 69413
1565345440 69413
1565419467 71363
1565421891 71430
1565425783 71432
1565449485 71497
1565451375 71497
1565454671 71525
1565577470 71533
1565577532 71533
1565577878 71016
1565578032 71024
1565578035 71024
1565578494 71042
1565579118 71042
1565579751 71042
1565580254 71170
1565581799 71181
1565581832 71181
1565594599 71181
1565594720 71181
1565595673 71183
1565615717 71222
1565618662 71637
1565627667 71637
1565663229 71640
1565665866 71648
1565666791 71651
1565668292 71657
1565672794 71657
1565682177 71756
1565721917 71793
1565763827 71818
1565765116 71819
1565767388 71829
1565767541 71840
1565768508 71840
1565768976 71848
1565769175 71849
1565792741 71848
1565797489 71984
1565797587 71984
1565798240 71988
1565852080 71990
1565864436 72004
1565884370 72040
1565890926 72067
1565922634 75921
1565924125 73878
1565924330 75923
1565925162 76155
1565925665 78205
1565925765 78704
1565926890 79434
1565926985 78822
1565927458 80186
1565927802 78937
1565928061 79941
1565928341 82000
1565928549 82971
1565928574 87040
1565928684 82498
1565929185 89335
1565929193 87638
1565929197 87638
1565929225 89928
1565938122 89387
1565938258 88546
1565938485 88546
1565939219 90031
1565944404 90129
1565945380 92006
1565945814 92080
1565946712 92092
1565947465 92100
1565948921 92299
1565953204 94221
1566005621 94516
1566008683 94531
1566010438 94539
1566010921 94542
1566011783 94670
1566012043 94670
1566012389 94670
1566014283 94708
1566015035 94696
1566015510 94694
1566019461 94740
1566049819 94799
1566051062 94802
1566053259 95403
1566057849 95485
1566061621 95600
1566065843 95795
1566069423 95776
1566120155 95851
1566141465 95528
1566149252 95553
1566149415 95553
1566153283 95543
1566179939 96081
1566182539 95636
1566183752 95722
1566184136 95775
1566185970 95847
1566186835 95928
1566187583 96003
1566188239 96080
1566189354 96135
1566194149 96250
1566194266 96588
1566197247 96370
1566197858 96370
1566200256 96511
1566201338 97078
1566201827 97077
1566202798 97085
1566203033 97156
1566203052 97156
1566203497 99326
1566204107 99328
1566206276 99328
1566208535 99344
1566210270 99413
1566210542 99880
1566210697 99889
1566210840 99889
1566212273 99889
1566212753 100055
1566220798 100060
1566221962 100067
1566223438 100179
1566223865 100186
1566225437 100185
1566227282 100185
1566231048 100201
1566232453 100205
1566268041 100215
1566268393 100252
1566268449 100267
1566270176 100326
1566270757 100467
1566271121 100468
1566271619 100468
1566274144 100450
1566275165 100496
1566278901 100495
1566280170 100538
1566280841 100541
1566280942 100541
1566282709 100544
1566282791 100545
1566283664 100595
1566284104 100648
1566285849 100648
1566285929 100746
1566286105 100745
1566289137 100794
1566289251 100794
1566289303 100794
1566289517 100795
1566290699 100797
1566292977 100797
1566293225 100869
1566293393 100875
1566297447 100876
1566305432 101078
1566318112 101130
1566320320 101308
1566354302 101152
1566355290 101275
1566356405 99546
1566356612 99706
1566358652 99711
1566359825 99711
1566360548 100199
1566360559 100102
1566361644 100416
1566365014 100416
1566365523 100453
1566371506 100554
1566371509 100593
1566371643 100604
1566371868 100604
1566373692 100645
1566373827 100645
1566376240 100649
1566376255 100645
1566376855 100649
1566379529 100657
1566391446 100662
1566391796 100661
1566407054 100657
1566441291 100689
1566459328 103282
1566459565 103504
1566460173 103528
1566460898 103637
1566461356 104156
1566461635 104265
1566461676 104266
1566462892 104325
1566463679 104331
1566464195 104343
1566464426 104493
1566464440 104508
1566464691 104509
1566466930 104513
1566476320 104714
1566486847 104756
1566488966 104753
1566497546 104849
1566498090 104849
1566544079 105289
1566555922 105372
1566555930 105372
1566623862 105667
1566634393 105838
1566635118 105840
1566657964 105795
1566662010 105850
1566724402 105972
1566739889 106129
1566790696 106142
1566814438 106424
1566814551 106424
1566817441 106471
1566826969 106478
1566874567 106485
1566875013 106486
1566878723 106494
1566878776 106511
1566879299 106511
1566884136 106511
1566913486 108030
1566917402 108033
1566920726 108053
1566924279 108098
1566957919 108125
1566965082 108173
1566965756 108173
1566968871 108181
1566978952 108275
1566979124 108280
1566980139 108326
1566986867 108615
1566988672 108618
1566991742 108625
1566998992 108669
1566999049 108669
1567002346 108698
1567048184 108724
1567048288 108724
1567052691 108721
1567060883 108749
1567063372 108819
1567067356 108838
1567068428 108839
1567070489 108839
1567076577 108828
1567142743 108875
1567146626 108889
1567154562 108903
1567158158 109012
1567159893 109012
1567162183 109013
1567167056 109040
1567182810 109058
1567184701 109058
1567187276 109058
1569298527 110930
1569307972 110932
1569309248 110933
1569310370 110934
1569311938 110930
1569313418 110930
1569315687 110944
1569317437 110944
1569317894 110943
1569382905 110994
1569383210 110996
1569383895 111000
1569384823 111016
1569388511 111025
1569393381 111024
1569394799 111032
1569400913 111043
1569403744 111044
1569406864 111067
1569407577 111075
1569408092 111068
1569409777 111072
1569410102 111077
1569411114 111081
1569414739 111117
1569433121 113508
1569463295 113508
1569467178 113508
1569483569 113509
1569485208 113509
1569486028 113509
1569491740 114071
1569492252 114070
1569492787 114070
1569553062 114100
1569557496 114102
1569557674 114121
1569566933 114123
1569726723 114125
1569739778 114128
1569744848 114129
1569813457 114130
1569813821 114129
1570523780 114212
1570587877 114223
1570589462 114223
1570600834 114230
1570602265 114233
1570605167 114234
1570678033 114234
1570681008 114253
1570692807 114255
1570765027 114256
1570773033 114299
1570774674 114300
1570779716 114301
1570783500 114302
1570793556 114307
1570798147 114316
1570798655 114316
1570799933 114316
1570801444 114347
1570801654 114347
1570802024 114344
1570802729 114344
1570804328 114346
1570805114 114348
1570807433 114348
1570807435 114348
1570807818 114352
1570848100 114354
1570878359 114354
1570883911 114354
1570884319 114354
1570890639 114356
1571050534 114241
1571222452 114318
1571277178 114337
1571294656 115096
1571369503 115235
1571623938 115252
1571624598 115252
1571625122 115252
1571626866 115257
1571627968 115261
1571630776 115261
1571631334 115263
1571643144 115265
1571646007 115589
1571646121 115281
1571649564 115282
1571651392 115639
1571653613 115620
1571711340 115632
1571712935 115578
1571714425 116999
1571715364 116999
1571716828 117167
1571716866 117389
1571725613 117399
1571729150 117059
1571729911 117274
1571737682 117276
1571738264 117310
1571739080 117314
1571739317 117314
1571741293 117800
1571741301 117616
1571741635 117800
1571796221 117844
1571796889 117845
1571797703 117846
1571798085 117846
1571800667 117843
1571801526 117845
1571803523 117893
1571803931 117945
1571804344 117955
1571805190 118065
1571814809 118110
1571815195 118072
1571815222 118171
1571815326 118085
1571815393 118108
1571815858 118188
1571816239 118136
1571816418 118200
1571817550 118199
1571818291 118203
1571819654 118202
1571820546 118284
1571820962 118294
1571823457 118304
1571823901 118304
1571826090 118304
1571888826 118339
1571889719 118343
1571891333 118354
1571894193 118342
1571897552 118576
1571901823 118606
1571902089 118624
1571902722 118623
1571905910 118645
1571910060 118645
1571912850 118644
1571913930 118656
1571969231 118654
1571971323 118655
1571974423 118660
1571975057 118661
1571976812 118715
1571987653 118844
1571996206 118897
1571997555 118902
1571997651 118952
1572072540 118952
1572082307 118975
1572082761 118976
1572082901 118977
1572083436 118975
1572234969 119051
1572239270 119106
1572244808 119389
1572244906 115282
1572259391 119384
1572261070 119493
1572315076 121804
1572331581 115301
1572332442 121804
1572332730 121935
1572340850 115308
1573457534 127324
1573458806 127327
1573460772 127328
1573469781 127336
1573470429 127313
1573471320 127314
1573473107 127313
1573473331 127325
1573525140 127323
1573529574 127423
1573531500 127465
1573533791 127469
1573538738 127471
1573540921 127478
1573541618 127484
1573542221 127489
1573542250 127489
1573542859 127495
1573545094 127499
1573548166 127500
1573550251 127528
1573556034 127657
1573557968 127657
1573558282 127656
1573562482 127659
1573612597 127661
1573615594 127692
1573616969 127779
1573617027 127689
1573625403 127773
1573631087 127781
1573631395 127784
1573632508 127795
1573633492 127799
1573633864 127801
1573633967 127801
1573634539 127800
1573634659 127798
1573634898 127800
1573635863 127800
1573641530 127800
1573652510 127850
1573710592 127910
1573717271 127931
1573718951 127931
1573720949 127931
1573723671 127937
1573725017 127938
1573725069 127938
1573725999 127943
1573727938 127943
1573728542 127968
1573729605 127971
1573730849 127975
1573730987 127976
1573787923 127976
1573788881 127979
1573799541 127983
1573802861 127987
1574043043 128002
1574057998 127951
1574061987 127941
1574066347 127943
1574072288 127943
1574081220 128392
1574132491 127943
1574136002 127955
1574147590 127954
1574148911 127988
1574150534 127988
1574151274 128028
1574152239 128030
1574154797 128031
1574156196 128032
1574159776 128032
1574162719 128081
1574171628 128085
1574173410 128088
1574173996 128096
1574178150 128101
1574179020 128105
1574182767 128108
1574215226 128108
1574231661 128122
1574233143 128124
1574238426 128161
1574239127 128176
1574239407 128176
1574239846 128182
1574240322 128189
1574240400 128190
1574248765 128261
1574260185 128416
1574265522 128415
1574269382 128471
1574270739 128472
1574272345 128472
1574273234 128473
1574273537 128472
1574321417 128376
1574328322 128382
1574328964 128388
1574329463 128388
1574335224 128428
1574344768 128395
1574347492 128395
1574349991 128401
1574388581 128401
1574405135 128484
1574412514 128492
1574415112 128492
1574416251 128492
1574652081 128498
1574664953 128504
1574669219 128511
1574673939 128546
1574675385 128547
1574680440 128546
1574737812 128548
1574740426 128562
1574765367 128611
1574826657 128624
1574843689 128577
1574910367 128660
1574912224 128712
1574926288 128721
1574936037 128118
1574936665 128118
1574995516 128118
1574997344 128116
1575253693 128128
1575256210 128147
1575257769 128147
1575259082 128156
1575259607 128156
1575269470 128163
1575271806 128163
1575340633 128176
1575356570 128181
1575356707 128181
1575362695 128181
1575429625 128200
1575450851 128284
1575974121 128370
1576032144 128371
1576041270 128379
1576044847 128379
1576047654 128386
1576047926 128386
1576053238 128392
1576053465 128392
1576056317 128393
1576059555 128393
1576060514 128471
1576060812 128410
1576072896 128560
1576118237 128540
1576118276 128540
1576135378 128540
1576137964 128550
1576141767 128560
1576144043 128578
1576203476 128584
1576207419 128598
1576208050 128612
1576208142 128630
1576208146 128630
1576208832 128725
1576208858 128630
1576209954 128630
1576219568 128632
1576219884 128634
1576220007 128634
1576227604 128761
1576231073 128761
1576233240 128882
1576233432 128898
1576463193 128967
1576465014 128978
1576467174 129074
1576470159 129158
1576470241 129164
1576472217 129164
1576475972 129173
1576479528 129174
